0,2303.332275390625,1085.13916015625,2569.0263671875,1379.3116455078125,0.3736967444419861,1.0
0,141.4273681640625,673.8123168945312,413.1745300292969,794.1263427734375,0.5658797025680542,2.0
0,1303.3304443359375,526.961181640625,1469.402099609375,604.3919067382812,0.3832113444805145,2.0
1,2443.3427734375,1032.4658203125,2535.727783203125,1176.3792724609375,0.3281756341457367,0.0
1,2339.004638671875,1070.765869140625,2565.205322265625,1383.18408203125,0.35265108942985535,1.0
1,195.88186645507812,660.9367065429688,471.4746398925781,782.856201171875,0.5485708713531494,2.0
1,1300.2708740234375,528.17041015625,1468.30224609375,610.9158325195312,0.48062804341316223,2.0
1,1428.9598388671875,532.1906127929688,1550.3472900390625,599.5198974609375,0.389737069606781,2.0
1,4.944084167480469,453.7250671386719,63.87563705444336,521.51513671875,0.33624595403671265,2.0
2,2428.25927734375,1000.6693115234375,2546.247802734375,1203.0926513671875,0.39061835408210754,0.0
2,2374.9091796875,1085.2403564453125,2584.33251953125,1380.5338134765625,0.38922086358070374,1.0
2,274.85198974609375,667.9690551757812,487.9908447265625,776.269287109375,0.5964664816856384,2.0
2,1304.167236328125,533.4432983398438,1457.7861328125,607.5076293945312,0.5013576149940491,2.0
2,3.605081081390381,454.8527526855469,62.77872085571289,521.804931640625,0.33522552251815796,2.0
2,1425.519287109375,535.3417358398438,1550.358642578125,605.020751953125,0.3317987322807312,2.0
2,1425.8016357421875,501.08331298828125,1560.62939453125,577.77734375,0.3048032820224762,2.0
3,2427.11962890625,994.7002563476562,2544.725341796875,1204.0311279296875,0.3958241045475006,0.0
3,266.0995788574219,641.852294921875,518.63720703125,762.716064453125,0.5644643902778625,2.0
3,1306.55126953125,539.5109252929688,1456.0491943359375,612.251708984375,0.44317924976348877,2.0
3,2.486271619796753,455.0990905761719,61.7791862487793,522.5062255859375,0.3406722843647003,2.0
3,1413.982177734375,498.0854797363281,1567.042236328125,578.8217163085938,0.333074688911438,2.0
4,2430.390380859375,994.1199951171875,2544.924560546875,1208.996826171875,0.44840529561042786,0.0
4,316.6741638183594,651.2340698242188,561.9194946289062,756.789306640625,0.5410948991775513,2.0
4,1311.9134521484375,529.2894287109375,1465.377197265625,604.7868041992188,0.40894174575805664,2.0
4,1417.46875,498.31573486328125,1566.87255859375,578.364990234375,0.33694130182266235,2.0
4,0.0,456.5012512207031,58.77212142944336,521.7164306640625,0.336373895406723,2.0
5,2427.55029296875,998.3444213867188,2545.011962890625,1198.1461181640625,0.4234844744205475,0.0
5,335.5516357421875,639.0270385742188,581.562255859375,758.5235595703125,0.6919507384300232,2.0
5,1314.1072998046875,534.7789306640625,1457.882080078125,607.9379272460938,0.39822137355804443,2.0
5,0.9573490619659424,457.0348205566406,59.721473693847656,521.678955078125,0.33390721678733826,2.0
5,1354.472900390625,502.34381103515625,1514.0914306640625,583.1854248046875,0.32967284321784973,2.0
5,1423.0662841796875,496.9834289550781,1564.6688232421875,574.20361328125,0.3128475248813629,2.0
6,2439.3193359375,1025.0283203125,2526.9404296875,1176.2186279296875,0.46452850103378296,0.0
6,374.3591613769531,635.8104858398438,634.6719360351562,754.2957763671875,0.690320611000061,2.0
6,1350.3289794921875,531.1796264648438,1502.5860595703125,606.9849243164062,0.3921205997467041,2.0
6,1363.27099609375,499.208251953125,1512.267578125,583.1826171875,0.3571978509426117,2.0
6,1413.921142578125,495.4774169921875,1563.3936767578125,574.517822265625,0.34896165132522583,2.0
6,2.440206289291382,454.9619140625,59.37511444091797,519.739501953125,0.3067280054092407,2.0
6,1551.578125,433.8741455078125,1652.810302734375,495.33203125,0.30166518688201904,2.0
7,2430.258056640625,1005.8372802734375,2536.38916015625,1194.4300537109375,0.5290810465812683,0.0
7,2563.191650390625,1180.529052734375,2641.007080078125,1337.703125,0.30463874340057373,0.0
7,410.8255920410156,633.2353515625,659.23486328125,744.7266235351562,0.7028777003288269,2.0
7,1360.178955078125,540.4852905273438,1499.7877197265625,607.4891357421875,0.44660279154777527,2.0
7,1374.4215087890625,504.85638427734375,1504.3140869140625,577.3377685546875,0.3204597532749176,2.0
7,1558.6148681640625,434.8420104980469,1654.5067138671875,496.5882263183594,0.31014877557754517,2.0
7,1479.2376708984375,498.9067687988281,1606.572998046875,571.2402954101562,0.309656023979187,2.0
7,1416.1683349609375,497.06622314453125,1559.6134033203125,569.4478149414062,0.3092055916786194,2.0
8,2430.2744140625,1003.2597045898438,2540.33984375,1193.887939453125,0.5955473184585571,0.0
8,2473.516845703125,1026.647216796875,2575.271240234375,1185.7125244140625,0.3396399915218353,0.0
8,2395.498779296875,1023.0050048828125,2483.126708984375,1173.10546875,0.3384284973144531,0.0
8,2612.109375,1185.809814453125,2690.169677734375,1341.9691162109375,0.32535994052886963,0.0
8,434.08984375,625.1033935546875,679.8003540039062,734.1961669921875,0.6694495677947998,2.0
8,1361.4869384765625,542.94140625,1498.2181396484375,608.5006103515625,0.4019176661968231,2.0
8,1469.7445068359375,496.025146484375,1602.7127685546875,569.2250366210938,0.36956673860549927,2.0
8,2.6843504905700684,452.61236572265625,59.73897171020508,517.65234375,0.31030941009521484,2.0
8,1556.1953125,431.0939636230469,1656.4671630859375,495.64154052734375,0.30956795811653137,2.0
9,2429.62548828125,1000.6136474609375,2542.508056640625,1195.215087890625,0.6116862893104553,0.0
9,2474.91845703125,1024.0390625,2576.536376953125,1186.4473876953125,0.3758925795555115,0.0
9,2393.6279296875,1022.6436157226562,2484.27001953125,1174.276611328125,0.3466680943965912,0.0
9,2349.552001953125,1024.499755859375,2425.360107421875,1162.97509765625,0.32016721367836,0.0
9,466.5493469238281,620.2820434570312,709.0050659179688,727.3193969726562,0.7525981664657593,2.0
9,1413.1737060546875,493.3060302734375,1565.7593994140625,566.6121215820312,0.3737604320049286,2.0
9,1.8679749965667725,452.607177734375,58.5743293762207,517.8997802734375,0.3432902693748474,2.0
9,1475.475341796875,495.34002685546875,1605.11767578125,564.6565551757812,0.3396338224411011,2.0
9,1376.0687255859375,503.2686767578125,1499.4158935546875,572.848388671875,0.3280026316642761,2.0
9,1555.8607177734375,432.5562744140625,1659.6444091796875,494.5439758300781,0.3182496726512909,2.0
10,2427.74951171875,1001.5484008789062,2543.721923828125,1192.578125,0.6163193583488464,0.0
10,2381.349853515625,1011.3088989257812,2496.4404296875,1185.9329833984375,0.3860749304294586,0.0
10,2474.57861328125,1024.0013427734375,2576.332275390625,1184.798583984375,0.3763467073440552,0.0
10,2349.183837890625,1026.4007568359375,2425.982421875,1164.5408935546875,0.348370760679245,0.0
10,915.650634765625,103.70284271240234,977.1961669921875,229.43093872070312,0.3448163568973541,0.0
10,490.48138427734375,616.833251953125,730.2423706054688,724.4618530273438,0.7298926711082458,2.0
10,1406.765380859375,494.2973327636719,1556.4537353515625,574.1259155273438,0.45149561762809753,2.0
10,1556.301513671875,437.02734375,1661.6142578125,500.0434265136719,0.336632639169693,2.0
10,1390.619140625,533.3854370117188,1507.704833984375,598.1095581054688,0.3184662163257599,2.0
10,2.2204525470733643,453.2459716796875,57.47291946411133,517.952392578125,0.3141155540943146,2.0
10,434.1962890625,457.39617919921875,540.6921997070312,519.39501953125,0.30127695202827454,2.0
11,2429.794189453125,1001.5077514648438,2545.529052734375,1192.9305419921875,0.6086322069168091,0.0
11,2474.002197265625,1023.7053833007812,2576.382080078125,1185.56298828125,0.38065311312675476,0.0
11,2380.383056640625,1010.9745483398438,2495.093505859375,1184.8612060546875,0.36584025621414185,0.0
11,2350.685791015625,1025.848876953125,2423.975341796875,1162.622802734375,0.3558833599090576,0.0
11,916.0670776367188,104.26937866210938,976.221435546875,226.59725952148438,0.3236904740333557,0.0
11,550.8718872070312,615.6773071289062,758.2222900390625,716.9559936523438,0.6979241371154785,2.0
11,1424.4527587890625,492.7080078125,1561.5880126953125,566.6615600585938,0.4081501364707947,2.0
11,3.2715532779693604,453.16119384765625,57.67396545410156,516.62841796875,0.3637538552284241,2.0
11,1555.4964599609375,443.467041015625,1659.494873046875,505.8108825683594,0.30799204111099243,2.0
11,222.212158203125,1105.94677734375,361.5851745605469,1178.705078125,0.30290427803993225,2.0
12,2428.154052734375,1000.5473022460938,2548.55078125,1191.71044921875,0.5672540068626404,0.0
12,2390.39892578125,1023.696533203125,2477.95166015625,1174.4666748046875,0.3240094780921936,0.0
12,2352.791259765625,1023.698486328125,2424.313232421875,1164.8116455078125,0.31001418828964233,0.0
12,549.19091796875,594.828369140625,783.7092895507812,700.0223999023438,0.5118963122367859,2.0
12,0.5273415446281433,451.8678894042969,56.75082015991211,517.6389770507812,0.40903428196907043,2.0
12,1441.5538330078125,494.8192443847656,1556.29833984375,567.7838745117188,0.3635190427303314,2.0
13,2427.7568359375,998.0073852539062,2546.0009765625,1197.97314453125,0.5550279021263123,0.0
13,2474.77001953125,1024.2716064453125,2574.652099609375,1187.7216796875,0.33244407176971436,0.0
13,2393.0244140625,1021.9037475585938,2479.960205078125,1177.8111572265625,0.32219964265823364,0.0
13,587.8456420898438,598.2996215820312,812.1790161132812,703.994140625,0.546055018901825,2.0
13,1420.608642578125,536.43017578125,1544.1182861328125,604.3846435546875,0.46437695622444153,2.0
13,1427.2489013671875,499.0443420410156,1550.6065673828125,575.3734130859375,0.39623022079467773,2.0
13,0.0,453.1314392089844,55.782920837402344,517.9398193359375,0.3947960138320923,2.0
13,399.78900146484375,452.0346984863281,491.6081237792969,509.5257873535156,0.310967355966568,2.0
14,2425.9384765625,996.2755737304688,2546.765869140625,1198.8382568359375,0.5193123817443848,0.0
14,592.6331787109375,597.5519409179688,831.0348510742188,700.1640014648438,0.5753434896469116,2.0
14,1425.837646484375,535.3711547851562,1550.591552734375,599.3043212890625,0.46197065711021423,2.0
14,1437.9691162109375,506.03814697265625,1562.063232421875,578.6141357421875,0.4218544363975525,2.0
14,1461.6885986328125,493.1721496582031,1599.63818359375,564.01953125,0.40246981382369995,2.0
14,0.0,454.9128112792969,56.62198257446289,518.5139770507812,0.3693215548992157,2.0
15,2424.605712890625,995.7735595703125,2546.14306640625,1198.5848388671875,0.5183277130126953,0.0
15,641.906494140625,593.5120239257812,860.30859375,694.072998046875,0.594473659992218,2.0
15,1475.0350341796875,487.927490234375,1604.015625,560.757080078125,0.4178844094276428,2.0
15,0.27336394786834717,452.14422607421875,57.392730712890625,516.1530151367188,0.3621537983417511,2.0
15,1422.0399169921875,537.8551025390625,1551.135986328125,606.7385864257812,0.32027557492256165,2.0
15,1528.9205322265625,491.192626953125,1657.9693603515625,563.6556396484375,0.30435749888420105,2.0
15,1430.4259033203125,503.9469909667969,1557.0042724609375,576.2952880859375,0.30400198698043823,2.0
16,2425.8701171875,996.0166015625,2544.888916015625,1199.2325439453125,0.5429401397705078,0.0
16,2378.900146484375,1001.3731689453125,2498.97216796875,1192.0789794921875,0.3207048773765564,0.0
16,2472.871826171875,1024.2218017578125,2580.47802734375,1183.416748046875,0.32057347893714905,0.0
16,710.3159790039062,600.3645629882812,878.921630859375,688.1997680664062,0.5315420031547546,2.0
16,1427.9691162109375,534.799560546875,1544.91357421875,600.3775024414062,0.4183560013771057,2.0
16,0.16130776703357697,453.7806396484375,56.66475296020508,517.56298828125,0.38769257068634033,2.0
16,1472.7962646484375,489.9097900390625,1602.1787109375,566.5515747070312,0.3713870048522949,2.0
16,1439.9873046875,509.4263000488281,1551.843994140625,580.841552734375,0.30140420794487,2.0
17,2425.679931640625,993.3975830078125,2545.658447265625,1202.5848388671875,0.5451922416687012,0.0
17,2378.106201171875,998.1613159179688,2499.931884765625,1196.1197509765625,0.3161635994911194,0.0
17,2471.931396484375,1023.6678466796875,2579.927001953125,1184.3187255859375,0.30314770340919495,0.0
17,728.621337890625,586.6459350585938,898.2528686523438,686.0421752929688,0.6781192421913147,2.0
17,0.0,447.65771484375,55.68328094482422,512.908447265625,0.4193058907985687,2.0
17,1444.9393310546875,506.8714294433594,1546.7440185546875,576.3924560546875,0.30785030126571655,2.0
17,1435.8392333984375,536.7349853515625,1543.182861328125,601.2471923828125,0.3039158880710602,2.0
18,2433.029052734375,1001.7360229492188,2541.54296875,1199.2032470703125,0.5099797248840332,0.0
18,2476.2705078125,1025.1090087890625,2571.982177734375,1188.1021728515625,0.34235909581184387,0.0
18,765.6873779296875,586.6702880859375,933.5730590820312,668.0404663085938,0.4183606505393982,2.0
18,0.0,450.6351318359375,56.80723571777344,513.5745849609375,0.35317641496658325,2.0
19,2432.62158203125,995.8501586914062,2548.9326171875,1200.43603515625,0.41197142004966736,0.0
19,2392.724365234375,1025.98974609375,2473.427734375,1176.9454345703125,0.3425125777721405,0.0
19,927.0828857421875,102.55928802490234,987.109130859375,216.39462280273438,0.324135959148407,0.0
19,2480.764892578125,990.22509765625,2575.474609375,1131.2984619140625,0.3192456364631653,0.0
19,774.5338134765625,568.7413940429688,962.2000732421875,671.7774047851562,0.6375524997711182,2.0
20,2483.88134765625,1009.6759643554688,2594.720703125,1190.1229248046875,0.43456241488456726,0.0
20,838.7142944335938,583.0382690429688,997.060302734375,668.7149047851562,0.676841676235199,2.0
20,1110.368896484375,834.158935546875,1271.604248046875,948.7542114257812,0.4177331328392029,2.0
20,1580.280517578125,483.35028076171875,1695.05615234375,555.6087646484375,0.3081264793872833,2.0
21,2487.145263671875,1000.001953125,2599.028564453125,1202.7537841796875,0.47216010093688965,0.0
21,888.6339111328125,579.7080078125,1040.280029296875,665.9638671875,0.6844508051872253,2.0
21,1155.2314453125,853.7607421875,1309.963623046875,953.3309936523438,0.4279369115829468,2.0
21,20.293569564819336,442.5631103515625,147.74388122558594,505.48443603515625,0.32665857672691345,2.0
22,2531.09423828125,1005.3202514648438,2636.97802734375,1197.309814453125,0.5214970707893372,0.0
22,2450.964599609375,1028.525634765625,2528.3203125,1174.582275390625,0.4315634071826935,0.0
22,2497.114013671875,1027.9075927734375,2581.564453125,1184.666259765625,0.38126683235168457,0.0
22,922.91455078125,576.3065795898438,1079.6947021484375,657.5654296875,0.5303364992141724,2.0
22,1207.409912109375,853.4505615234375,1352.8621826171875,960.2626953125,0.4347038269042969,2.0
22,1635.413818359375,484.90179443359375,1754.7886962890625,555.5945434570312,0.3175651431083679,2.0
23,2537.30517578125,1004.3596801757812,2646.220458984375,1200.3974609375,0.4802928864955902,0.0
23,974.5117797851562,577.711181640625,1135.0726318359375,650.7203369140625,0.5382365584373474,2.0
23,55.25344467163086,443.840576171875,199.48532104492188,507.69610595703125,0.34883254766464233,2.0
24,2553.2841796875,1028.91650390625,2636.16259765625,1180.576171875,0.38962802290916443,0.0
24,2581.612060546875,1009.992431640625,2687.241455078125,1188.967529296875,0.3642243444919586,0.0
24,2491.0615234375,1030.1207275390625,2571.93310546875,1167.510986328125,0.3483230769634247,0.0
24,1004.7348022460938,572.5602416992188,1137.9527587890625,653.61279296875,0.5542501211166382,2.0
24,72.84429168701172,436.9010314941406,215.57577514648438,503.0925598144531,0.46712732315063477,2.0
24,1041.4246826171875,556.06494140625,1175.699951171875,643.0260009765625,0.37748077511787415,2.0
24,1697.555419921875,455.9093322753906,1801.8663330078125,519.65234375,0.3009200394153595,2.0
25,1324.785888671875,879.7789916992188,1474.132080078125,979.9744262695312,0.3076229691505432,1.0
25,1053.6865234375,555.5293579101562,1200.5819091796875,645.7660522460938,0.6752423644065857,2.0
25,108.86636352539062,440.73394775390625,231.62892150878906,504.7621154785156,0.4445452094078064,2.0
26,1089.1995849609375,552.8199462890625,1253.66796875,640.885009765625,0.6113982796669006,2.0
26,1371.7783203125,884.6154174804688,1528.5594482421875,985.7939453125,0.5226064920425415,2.0
26,1757.3858642578125,438.6001892089844,1849.6502685546875,507.27020263671875,0.5152133107185364,2.0
26,130.1216278076172,429.45208740234375,262.0790100097656,497.4183044433594,0.514377236366272,2.0
27,1422.725341796875,898.4937133789062,1580.8153076171875,993.3428955078125,0.6984913349151611,2.0
27,1136.951171875,552.7666625976562,1287.5838623046875,637.8570556640625,0.4588407576084137,2.0
27,158.19261169433594,439.0914611816406,287.2284851074219,501.88446044921875,0.41434288024902344,2.0
27,1758.000244140625,443.0087890625,1860.148193359375,511.18572998046875,0.3413849174976349,2.0
27,1803.0750732421875,489.14776611328125,1897.038330078125,558.0975341796875,0.3006027340888977,2.0
28,1464.91015625,911.522216796875,1624.5882568359375,1001.9514770507812,0.7206920981407166,2.0
28,1157.7470703125,550.7164916992188,1308.938720703125,636.5864868164062,0.5949090719223022,2.0
28,177.7786407470703,434.6166076660156,319.3209533691406,499.8194580078125,0.5397356152534485,2.0
28,1804.269287109375,447.8035888671875,1904.857177734375,512.7011108398438,0.4174635708332062,2.0
29,1203.86572265625,554.5612182617188,1350.4310302734375,636.0192260742188,0.6351703405380249,2.0
29,211.98507690429688,432.1362609863281,358.5897521972656,500.4985656738281,0.5659729838371277,2.0
29,1504.0179443359375,918.1963500976562,1669.0986328125,1011.4727783203125,0.5226532220840454,2.0
30,1559.3314208984375,934.0447998046875,1720.7373046875,1021.022216796875,0.5849608778953552,2.0
30,235.6412353515625,435.5741882324219,368.7701110839844,499.313232421875,0.5562784075737,2.0
30,1250.3265380859375,552.5232543945312,1392.6466064453125,630.4194946289062,0.5020985007286072,2.0
30,1905.5693359375,486.3761901855469,2012.66259765625,550.4158935546875,0.32350629568099976,2.0
31,1608.5067138671875,940.7481689453125,1764.0972900390625,1029.6873779296875,0.660305380821228,2.0
31,261.89935302734375,433.9619445800781,411.0968322753906,498.7846374511719,0.5317210555076599,2.0
31,1276.930419921875,553.9315795898438,1409.209716796875,629.0528564453125,0.39084646105766296,2.0
32,1652.363525390625,942.65576171875,1822.640625,1046.4281005859375,0.691387414932251,2.0
32,1317.202392578125,548.5928344726562,1452.4281005859375,628.2230834960938,0.6435895562171936,2.0
32,281.4107360839844,432.5267639160156,416.34417724609375,496.4056701660156,0.5795738697052002,2.0
33,1699.667724609375,964.1414794921875,1873.101318359375,1052.1259765625,0.5570671558380127,2.0
33,322.0177001953125,438.081298828125,446.63848876953125,496.5199890136719,0.45761731266975403,2.0
33,1364.5692138671875,544.7266845703125,1498.127685546875,619.994384765625,0.4462830126285553,2.0
34,1728.247314453125,963.2627563476562,1908.82958984375,1059.278076171875,0.6407215595245361,2.0
34,321.7075500488281,436.79278564453125,452.20440673828125,495.3625793457031,0.5606646537780762,2.0
34,1405.7791748046875,543.7171020507812,1507.9241943359375,619.167236328125,0.48285016417503357,2.0
34,2008.7147216796875,494.554443359375,2121.402587890625,562.8734741210938,0.3614967465400696,2.0
35,1761.353515625,967.4000244140625,1935.1055908203125,1067.34228515625,0.6970564126968384,2.0
35,327.1629638671875,437.9327392578125,454.1744384765625,495.93743896484375,0.6037135124206543,2.0
35,1382.7952880859375,783.37255859375,1486.5777587890625,874.8479614257812,0.39311927556991577,2.0
35,2003.3206787109375,490.751953125,2104.01220703125,553.30908203125,0.3763359785079956,2.0
35,1416.5767822265625,535.3751220703125,1537.7972412109375,607.3842163085938,0.3495389223098755,2.0
36,1437.760498046875,534.6185913085938,1564.632568359375,607.9420166015625,0.6113324761390686,2.0
36,328.9725341796875,441.4336242675781,438.21185302734375,497.644287109375,0.5161201357841492,2.0
36,1774.619140625,980.2116088867188,1974.428955078125,1081.2259521484375,0.5014496445655823,2.0
36,2001.5028076171875,482.962890625,2109.022216796875,553.2568969726562,0.3646121919155121,2.0
36,91.37862396240234,519.1027221679688,193.4281768798828,574.4176025390625,0.30342668294906616,2.0
37,1822.3397216796875,984.2249145507812,2004.044189453125,1088.6572265625,0.7391044497489929,2.0
37,1443.8905029296875,529.7970581054688,1555.2479248046875,609.8466796875,0.5662437081336975,2.0
37,1419.8939208984375,807.696533203125,1544.7320556640625,884.0050048828125,0.5297057628631592,2.0
37,327.7425537109375,438.59381103515625,440.97430419921875,495.8370666503906,0.5039056539535522,2.0
37,2008.0955810546875,493.5415954589844,2122.9521484375,560.5693969726562,0.3318413496017456,2.0
37,109.72721099853516,520.2845458984375,223.49453735351562,579.720947265625,0.31037765741348267,2.0
38,1856.3680419921875,989.4632568359375,2037.697021484375,1095.3394775390625,0.7355562448501587,2.0
38,319.017578125,436.4941711425781,438.1716003417969,495.15814208984375,0.5113301277160645,2.0
38,1474.177978515625,533.7853393554688,1579.63720703125,595.962158203125,0.46523645520210266,2.0
38,1440.2734375,809.2661743164062,1569.4781494140625,883.1239624023438,0.45247384905815125,2.0
38,118.88214874267578,530.2669677734375,239.7191162109375,589.445556640625,0.3914848566055298,2.0
39,1883.89599609375,998.36767578125,2070.86181640625,1104.1568603515625,0.7339478135108948,2.0
39,1495.8658447265625,531.0489501953125,1602.1572265625,602.3421020507812,0.6756330132484436,2.0
39,1455.683349609375,819.5765991210938,1605.779541015625,897.4646606445312,0.5881427526473999,2.0
39,323.50018310546875,437.1701965332031,428.4566345214844,495.09429931640625,0.469464510679245,2.0
39,1905.6988525390625,445.36273193359375,1995.2088623046875,514.8111572265625,0.3815564215183258,2.0
39,128.9492645263672,530.9536743164062,213.7509765625,589.091064453125,0.3198063373565674,2.0
39,2003.4473876953125,493.6469421386719,2126.3369140625,560.9716796875,0.30095139145851135,2.0
40,1923.72119140625,1009.7333374023438,2113.196533203125,1109.4296875,0.7430580258369446,2.0
40,1487.0706787109375,530.8007202148438,1610.4986572265625,602.2682495117188,0.6317563652992249,2.0
40,1479.392578125,824.4588012695312,1631.4461669921875,897.6531372070312,0.5598098039627075,2.0
40,317.97894287109375,436.2748718261719,432.32183837890625,494.383544921875,0.4869987666606903,2.0
40,125.00041961669922,531.9427490234375,241.18463134765625,588.9208374023438,0.3358513116836548,2.0
40,1907.702880859375,442.5755920410156,1996.0247802734375,513.4285278320312,0.31351587176322937,2.0
41,1957.3699951171875,1022.2938232421875,2145.031494140625,1121.605712890625,0.6457598209381104,2.0
41,1511.646240234375,834.2606811523438,1663.484130859375,914.557373046875,0.6455176472663879,2.0
41,280.1015319824219,432.298583984375,426.713623046875,497.01275634765625,0.5227775573730469,2.0
41,1491.179443359375,531.567138671875,1613.544921875,593.5867309570312,0.4731212854385376,2.0
41,2048.281982421875,481.2129211425781,2170.4921875,549.837646484375,0.3704676926136017,2.0
41,1527.0859375,512.424072265625,1637.29248046875,584.1793212890625,0.3361557424068451,2.0
42,1539.7276611328125,836.9371948242188,1690.38818359375,915.015625,0.6105270385742188,2.0
42,1976.2205810546875,1030.7032470703125,2188.4736328125,1134.8763427734375,0.544327437877655,2.0
42,316.7931213378906,438.42431640625,442.0698547363281,497.59869384765625,0.5042111873626709,2.0
42,1535.1678466796875,528.3777465820312,1635.1497802734375,594.2701416015625,0.4842488169670105,2.0
43,2022.7047119140625,1035.5467529296875,2223.388427734375,1142.524658203125,0.7232784628868103,2.0
43,1566.7109375,843.00537109375,1721.1148681640625,922.869873046875,0.7057998776435852,2.0
43,1547.905029296875,526.95263671875,1651.8740234375,591.4132080078125,0.5227601528167725,2.0
43,319.7221374511719,439.4461364746094,445.29144287109375,497.56597900390625,0.500517725944519,2.0
43,2052.96533203125,478.57843017578125,2172.77197265625,552.8027954101562,0.39169201254844666,2.0
43,145.8544158935547,532.1074829101562,314.7227478027344,598.9517211914062,0.3099139630794525,2.0
44,2056.8125,1044.63427734375,2260.18408203125,1154.811279296875,0.7261082530021667,2.0
44,1540.2738037109375,527.0220947265625,1662.910888671875,589.0061645507812,0.6328331828117371,2.0
44,1583.2862548828125,844.479736328125,1749.652587890625,928.7159423828125,0.5354912877082825,2.0
44,324.1634521484375,445.4311828613281,444.1945495605469,503.2267761230469,0.3766891658306122,2.0
44,1904.140625,447.728271484375,1995.2664794921875,511.15020751953125,0.3177499771118164,2.0
45,1622.0526123046875,851.7606811523438,1786.6395263671875,938.2711791992188,0.6577935814857483,2.0
45,2098.21142578125,1056.014892578125,2308.517822265625,1165.4615478515625,0.6189863681793213,2.0
45,1575.3609619140625,527.2840576171875,1677.8619384765625,587.9421997070312,0.5117940306663513,2.0
45,317.9225158691406,445.6308288574219,448.6907958984375,504.7110290527344,0.40056926012039185,2.0
45,2057.79150390625,479.5910949707031,2181.640869140625,552.4495849609375,0.332366019487381,2.0
45,211.892578125,540.217529296875,364.19549560546875,604.015625,0.3197120428085327,2.0
45,1907.048095703125,445.76580810546875,1998.4808349609375,511.0494384765625,0.3067529797554016,2.0
46,1598.4874267578125,531.3863525390625,1681.8900146484375,587.1033325195312,0.344168096780777,1.0
46,2125.58984375,1065.03759765625,2351.221435546875,1171.0308837890625,0.570955216884613,2.0
46,1646.784423828125,864.5503540039062,1817.584716796875,946.5988159179688,0.5128729343414307,2.0
46,310.62017822265625,442.858642578125,450.1333923339844,502.0384216308594,0.3956029713153839,2.0
46,1595.2183837890625,514.3297729492188,1686.0240478515625,582.0371704101562,0.33213579654693604,2.0
46,1907.7388916015625,445.9254455566406,1996.766845703125,510.32452392578125,0.31735995411872864,2.0
47,1676.3582763671875,870.5963745117188,1852.1512451171875,951.9215087890625,0.5802583694458008,2.0
47,2163.536376953125,1078.6766357421875,2391.58544921875,1195.5357666015625,0.5550147891044617,2.0
47,1594.776123046875,511.4016418457031,1700.640625,581.5933227539062,0.43953683972358704,2.0
47,310.6278991699219,438.9817199707031,445.8359069824219,499.7931213378906,0.42392101883888245,2.0
47,10.004891395568848,493.1033020019531,72.17759704589844,556.695068359375,0.3640069365501404,2.0
47,2061.4287109375,475.647705078125,2184.441162109375,549.3257446289062,0.33417120575904846,2.0
47,1904.4407958984375,447.014404296875,1996.4154052734375,510.64508056640625,0.31743595004081726,2.0
48,2203.375244140625,1082.703369140625,2429.752685546875,1202.9130859375,0.6583446264266968,2.0
48,1714.62646484375,883.7987060546875,1879.7908935546875,965.8555297851562,0.5748693346977234,2.0
48,1599.7423095703125,511.99066162109375,1722.3839111328125,584.2835083007812,0.512866199016571,2.0
48,307.6028137207031,434.3285827636719,448.3620910644531,498.104736328125,0.46691763401031494,2.0
48,2068.890869140625,476.1448669433594,2183.829833984375,549.6975708007812,0.37229499220848083,2.0
48,204.48312377929688,546.2335815429688,370.6099548339844,617.857177734375,0.342715322971344,2.0
49,2253.3173828125,1092.6533203125,2475.732177734375,1214.478515625,0.6605423092842102,2.0
49,1747.623291015625,887.0798950195312,1901.426025390625,969.4268798828125,0.606201708316803,2.0
49,315.545654296875,436.6481018066406,440.7538146972656,496.87408447265625,0.4820936620235443,2.0
49,1640.4134521484375,514.6248779296875,1733.8126220703125,580.2112426757812,0.44840046763420105,2.0
49,2075.446533203125,478.4532165527344,2177.7685546875,546.513427734375,0.3612258732318878,2.0
49,23.760831832885742,497.100341796875,90.34919738769531,559.3683471679688,0.34812238812446594,2.0
50,1789.0504150390625,894.5877075195312,1944.603759765625,983.6834716796875,0.6961677670478821,2.0
50,2274.839599609375,1101.9920654296875,2516.32958984375,1217.266845703125,0.591858446598053,2.0
50,1631.935546875,514.8693237304688,1741.3150634765625,581.5872192382812,0.508905827999115,2.0
50,312.127685546875,433.3352966308594,446.1681823730469,496.2200927734375,0.4884432852268219,2.0
50,2098.320556640625,470.03253173828125,2212.316650390625,553.8516235351562,0.44238123297691345,2.0
50,27.58041000366211,497.5712585449219,96.105712890625,558.4454956054688,0.38532063364982605,2.0
50,211.19638061523438,560.5819702148438,345.02587890625,623.710205078125,0.30779650807380676,2.0
51,1634.5074462890625,513.4725341796875,1759.833984375,584.0391845703125,0.6215500831604004,2.0
51,1813.71728515625,901.0386962890625,1980.7213134765625,989.7640380859375,0.6012939214706421,2.0
51,2327.3720703125,1115.270751953125,2564.070068359375,1224.1722412109375,0.5239577889442444,2.0
51,311.3011169433594,431.0042724609375,450.2851257324219,496.4593200683594,0.5217072367668152,2.0
51,204.3369598388672,558.73046875,361.5651550292969,621.7601318359375,0.4959085285663605,2.0
51,2100.30712890625,469.7497863769531,2217.283447265625,552.0901489257812,0.43524688482284546,2.0
51,29.426855087280273,503.16302490234375,100.8471450805664,563.0966186523438,0.3554365038871765,2.0
52,1841.615234375,900.5983276367188,2013.2410888671875,998.4475708007812,0.6424373984336853,2.0
52,314.0237731933594,431.90899658203125,451.3509826660156,495.5348815917969,0.542105495929718,2.0
52,2365.3134765625,1129.83251953125,2614.587890625,1250.5728759765625,0.5226316452026367,2.0
52,1645.5152587890625,511.585205078125,1771.19873046875,581.568603515625,0.4786878824234009,2.0
52,34.578025817871094,505.55767822265625,106.43544006347656,566.2892456054688,0.4631955921649933,2.0
52,2101.18017578125,476.66485595703125,2212.56298828125,551.1398315429688,0.43160751461982727,2.0
53,1880.82763671875,912.8764038085938,2053.521728515625,1002.6453247070312,0.6940506100654602,2.0
53,2412.19384765625,1136.119873046875,2665.590576171875,1257.9510498046875,0.6269828677177429,2.0
53,312.7894592285156,434.26434326171875,447.3766174316406,495.7431945800781,0.5536497831344604,2.0
53,1637.980712890625,512.1251831054688,1774.099609375,580.6478881835938,0.5025305151939392,2.0
53,28.911766052246094,505.6627197265625,112.06061553955078,565.7625732421875,0.47086846828460693,2.0
54,315.1490173339844,437.2915344238281,446.49505615234375,497.3434753417969,0.603412389755249,2.0
54,1915.1953125,921.4180908203125,2086.72705078125,1008.9279174804688,0.5916866064071655,2.0
54,1682.3753662109375,509.7154541015625,1794.6195068359375,571.6649780273438,0.5045868158340454,2.0
54,2474.081298828125,1145.3507080078125,2710.373046875,1269.2926025390625,0.4646029770374298,2.0
54,34.90499496459961,513.1626586914062,117.90835571289062,570.8636474609375,0.4515637755393982,2.0
55,1683.2139892578125,507.2353820800781,1805.1728515625,572.471923828125,0.6209707260131836,2.0
55,320.5538024902344,441.4304504394531,439.5976257324219,497.3421936035156,0.6049038767814636,2.0
55,1953.5181884765625,938.7008666992188,2113.907958984375,1016.3389282226562,0.5069090723991394,2.0
55,46.190399169921875,515.9716796875,124.44404602050781,571.3310546875,0.46135443449020386,2.0
55,2525.0888671875,1156.00830078125,2719.0,1275.726318359375,0.43375831842422485,2.0
55,1875.58837890625,451.3593444824219,1969.4306640625,512.4313354492188,0.3130597174167633,2.0
56,1987.870849609375,937.7792358398438,2167.261474609375,1031.106201171875,0.6783085465431213,2.0
56,316.67449951171875,441.94085693359375,437.3450622558594,499.74481201171875,0.5755818486213684,2.0
56,1688.5638427734375,507.7823181152344,1809.7484130859375,571.931396484375,0.5659440159797668,2.0
56,44.52023696899414,516.3555908203125,136.1974639892578,573.804931640625,0.4283788800239563,2.0
56,1877.271728515625,452.0127258300781,1963.74462890625,511.02032470703125,0.40056002140045166,2.0
56,254.21795654296875,565.9068603515625,397.8133239746094,630.5447998046875,0.3293525278568268,2.0
57,2021.98388671875,943.8790283203125,2203.52099609375,1042.2225341796875,0.6702836155891418,2.0
57,1682.726318359375,505.7319641113281,1811.5947265625,568.7428588867188,0.5326080322265625,2.0
57,319.8527526855469,444.93524169921875,432.31414794921875,501.7013854980469,0.5303391218185425,2.0
57,1872.6204833984375,453.331787109375,1962.8343505859375,512.188720703125,0.4425041675567627,2.0
57,52.48638916015625,517.8106689453125,139.6875457763672,578.5333251953125,0.3551158308982849,2.0
57,255.6340789794922,567.0654296875,401.8017883300781,634.4620361328125,0.3550846576690674,2.0
58,2065.445556640625,954.216796875,2242.486083984375,1050.4451904296875,0.6818921566009521,2.0
58,1877.9261474609375,447.7376403808594,1965.926025390625,510.97064208984375,0.48538562655448914,2.0
58,1700.00830078125,508.3158874511719,1815.326171875,568.2064208984375,0.47843819856643677,2.0
58,319.57537841796875,446.6131286621094,428.637451171875,502.53826904296875,0.4740707576274872,2.0
58,275.3129577636719,579.7731323242188,379.68780517578125,640.9904174804688,0.4095694124698639,2.0
58,33.46321487426758,517.3258056640625,150.82521057128906,579.3412475585938,0.34940797090530396,2.0
59,2086.89990234375,962.79150390625,2289.48046875,1057.3773193359375,0.6235918402671814,2.0
59,319.30731201171875,443.62677001953125,431.7308044433594,501.1940612792969,0.4969088137149811,2.0
59,1872.82275390625,453.689453125,1962.3427734375,512.837890625,0.4324643015861511,2.0
59,1756.4937744140625,508.3523864746094,1853.928955078125,564.3487548828125,0.3983461558818817,2.0
59,1704.996826171875,506.9328918457031,1797.277099609375,565.4130859375,0.37421277165412903,2.0
59,66.02751159667969,531.1129760742188,162.6567840576172,590.8414916992188,0.36575594544410706,2.0
60,2136.600341796875,974.367919921875,2329.681640625,1062.7303466796875,0.5916888117790222,2.0
60,287.1429443359375,436.4242248535156,423.40966796875,501.1770935058594,0.5167650580406189,2.0
60,1704.706787109375,510.9466857910156,1807.0474853515625,567.182861328125,0.475106805562973,2.0
60,1862.1534423828125,451.68231201171875,1959.935546875,516.3294067382812,0.46831169724464417,2.0
60,1747.2657470703125,510.2412109375,1851.297607421875,565.2945556640625,0.3809666931629181,2.0
60,80.84831237792969,531.9423828125,170.3089599609375,588.5704345703125,0.3002059757709503,2.0
61,2176.26806640625,981.999267578125,2370.281982421875,1082.90771484375,0.5825493335723877,2.0
61,283.4205322265625,430.4465637207031,426.6132507324219,497.8279724121094,0.5643060207366943,2.0
61,1856.4183349609375,452.92474365234375,1958.9405517578125,519.4259643554688,0.5308967232704163,2.0
61,93.23660278320312,531.455078125,182.39981079101562,587.2469482421875,0.36885640025138855,2.0
61,1748.7587890625,498.17584228515625,1858.184326171875,555.089111328125,0.3306892216205597,2.0
61,2161.690673828125,463.0967712402344,2283.25830078125,528.9569091796875,0.3293052613735199,2.0
61,1710.3232421875,507.8629150390625,1813.2816162109375,565.0026245117188,0.308669775724411,2.0
62,2217.969482421875,989.2684326171875,2415.185302734375,1094.4832763671875,0.5978143215179443,2.0
62,323.12445068359375,438.7828674316406,430.57598876953125,497.20062255859375,0.44457748532295227,2.0
62,1857.7431640625,450.9700622558594,1950.572998046875,515.86279296875,0.4393659234046936,2.0
62,103.23957824707031,530.5527954101562,189.52581787109375,588.0241088867188,0.41071027517318726,2.0
62,387.38934326171875,516.8123779296875,468.093994140625,577.000244140625,0.32894575595855713,2.0
62,1758.9677734375,495.6328430175781,1862.1429443359375,552.3192138671875,0.30254441499710083,2.0
63,2269.73876953125,995.342529296875,2458.97705078125,1100.894287109375,0.6012097597122192,2.0
63,294.1311340332031,438.72412109375,415.22576904296875,497.1667785644531,0.45095688104629517,2.0
63,98.21727752685547,529.0443725585938,200.43321228027344,590.9730224609375,0.37784305214881897,2.0
63,354.630615234375,515.9498291015625,442.75323486328125,572.7127685546875,0.37137794494628906,2.0
63,288.94866943359375,407.5350341796875,407.1723327636719,469.8988342285156,0.3572898507118225,2.0
63,1847.2366943359375,449.1231384277344,1946.0458984375,515.1075439453125,0.3546147048473358,2.0
64,325.7727355957031,444.214111328125,413.2651672363281,497.7874450683594,0.5168440937995911,2.0
64,2310.422119140625,1005.2858276367188,2513.046142578125,1110.1851806640625,0.480668842792511,2.0
64,1846.018310546875,451.1658020019531,1943.7308349609375,516.971435546875,0.38677382469177246,2.0
64,295.6841125488281,404.5790710449219,400.13671875,466.43505859375,0.34184587001800537,2.0
64,89.40449523925781,528.4239501953125,202.9241180419922,591.32666015625,0.33251288533210754,2.0
65,323.2278747558594,443.9639892578125,417.9089050292969,496.68511962890625,0.5542495250701904,2.0
65,2339.453369140625,1015.8521728515625,2553.524169921875,1114.6334228515625,0.48719897866249084,2.0
65,118.35299682617188,531.745849609375,209.40672302246094,593.0708618164062,0.4023731052875519,2.0
65,285.6313781738281,405.408447265625,397.1845397949219,467.3091125488281,0.33056917786598206,2.0
65,1812.4320068359375,484.81060791015625,1910.4219970703125,542.0626220703125,0.31618690490722656,2.0
65,1844.4503173828125,449.02923583984375,1945.065673828125,518.3234252929688,0.31422823667526245,2.0
66,295.2681579589844,438.2645568847656,414.13299560546875,492.3425598144531,0.5102033615112305,2.0
66,2377.30224609375,1028.020751953125,2617.482421875,1140.3582763671875,0.45494094491004944,2.0
66,1846.504150390625,453.0209045410156,1938.4136962890625,528.8850708007812,0.3433571755886078,2.0
66,124.56502532958984,535.7450561523438,209.20712280273438,595.712646484375,0.31146594882011414,2.0
67,2436.806640625,1038.7459716796875,2662.842529296875,1150.7275390625,0.5377779006958008,2.0
67,300.00494384765625,441.994140625,411.0565185546875,497.1679992675781,0.48867878317832947,2.0
67,1849.5546875,450.7160339355469,1941.3377685546875,526.610107421875,0.4163737893104553,2.0
67,120.7736587524414,535.9000854492188,216.38038635253906,594.8963012695312,0.33158260583877563,2.0
67,1811.5186767578125,481.9024353027344,1909.4879150390625,542.1972045898438,0.30268344283103943,2.0
68,2498.94140625,1050.7706298828125,2702.9853515625,1156.4268798828125,0.5793930888175964,2.0
68,295.0661315917969,438.369140625,406.119140625,497.00616455078125,0.5210852026939392,2.0
68,1844.67919921875,450.0588684082031,1941.5465087890625,527.1881103515625,0.40759795904159546,2.0
68,286.3224792480469,412.46771240234375,400.6006774902344,472.8467102050781,0.35320332646369934,2.0
68,132.40513610839844,543.0245361328125,220.459716796875,601.6172485351562,0.3297010660171509,2.0
69,288.0676574707031,430.75146484375,410.1101989746094,493.8499755859375,0.5967655181884766,2.0
69,2552.810302734375,1071.3104248046875,2719.0,1157.18212890625,0.46223753690719604,2.0
69,115.93170166015625,541.683837890625,234.246337890625,599.9485473632812,0.4367906451225281,2.0
69,1846.536865234375,447.61163330078125,1935.377197265625,519.213623046875,0.40579649806022644,2.0
70,285.36328125,429.8082580566406,414.64630126953125,494.11297607421875,0.6321361660957336,2.0
70,1844.316162109375,450.18536376953125,1938.5592041015625,524.6356201171875,0.439169317483902,2.0
70,147.96690368652344,550.7813720703125,238.27670288085938,610.3490600585938,0.4217349588871002,2.0
71,283.8670654296875,437.8062438964844,415.5787353515625,498.2486877441406,0.608417272567749,2.0
71,1842.867919921875,453.327392578125,1941.74462890625,525.736572265625,0.5675411224365234,2.0
71,144.0509033203125,560.3245849609375,252.36093139648438,618.4112548828125,0.5386963486671448,2.0
71,826.7897338867188,831.1651611328125,1104.20361328125,1075.597412109375,0.3488612771034241,2.0
71,278.51690673828125,497.64678955078125,362.2055358886719,554.22216796875,0.31445369124412537,2.0
72,288.64227294921875,440.52423095703125,414.14404296875,499.1415100097656,0.5476158857345581,2.0
72,157.60787963867188,559.5697021484375,248.34861755371094,616.7669067382812,0.5032103657722473,2.0
72,1846.2962646484375,458.80999755859375,1943.8499755859375,524.18701171875,0.4059046804904938,2.0
72,827.381591796875,837.9969482421875,1101.3143310546875,1072.8028564453125,0.31511160731315613,2.0
73,135.6907501220703,558.052734375,261.9476318359375,619.246826171875,0.5363230109214783,2.0
73,285.1875305175781,438.3599548339844,417.8396301269531,496.851318359375,0.49587181210517883,2.0
73,1839.6497802734375,460.1429138183594,1946.3531494140625,527.2984008789062,0.3532746136188507,2.0
74,162.38734436035156,553.4459838867188,266.9986877441406,619.923095703125,0.5569944381713867,2.0
74,283.4980163574219,433.7249755859375,422.0248107910156,495.5460510253906,0.511098325252533,2.0
74,1848.643798828125,461.1668395996094,1943.8585205078125,522.951171875,0.3748796582221985,2.0
74,1855.46240234375,483.3539733886719,1952.287353515625,541.5390625,0.30894532799720764,2.0
75,170.0474090576172,556.8021240234375,263.1740417480469,622.767578125,0.6090261340141296,2.0
75,322.7469482421875,439.79443359375,433.06072998046875,494.9230041503906,0.4482753276824951,2.0
75,1847.281982421875,458.64459228515625,1934.7318115234375,522.0200805664062,0.4442320466041565,2.0
75,235.1317901611328,503.487548828125,316.90850830078125,559.9027099609375,0.325253427028656,2.0
76,168.55038452148438,561.2399291992188,269.4356689453125,623.96533203125,0.4949210286140442,2.0
76,1833.7003173828125,461.94146728515625,1912.0357666015625,517.0169067382812,0.4514196217060089,2.0
76,287.2924499511719,444.8994140625,421.75439453125,507.1033935546875,0.4324996769428253,2.0
77,1826.9542236328125,459.8171691894531,1912.5472412109375,517.750244140625,0.5608135461807251,2.0
77,284.0178527832031,432.390869140625,428.7268981933594,498.6017761230469,0.39674341678619385,2.0
78,279.02227783203125,428.507568359375,430.6282958984375,501.060791015625,0.5915155410766602,2.0
78,1827.1243896484375,457.9880065917969,1914.357666015625,517.99365234375,0.5433419942855835,2.0
79,1812.603271484375,456.103271484375,1908.3607177734375,518.9786987304688,0.6128799319267273,2.0
79,276.1731262207031,428.2406921386719,428.2782287597656,500.1751403808594,0.4665497839450836,2.0
79,197.00685119628906,576.9400024414062,289.04583740234375,648.728759765625,0.3767923414707184,2.0
80,193.90174865722656,580.6334228515625,292.6700134277344,648.1315307617188,0.5435395240783691,2.0
80,1813.4951171875,460.0606994628906,1906.78955078125,521.9061279296875,0.5315937399864197,2.0
80,268.6780700683594,438.0166320800781,409.6670227050781,503.34259033203125,0.45810210704803467,2.0
81,253.63156127929688,435.6471252441406,395.05322265625,502.6238708496094,0.5761305689811707,2.0
81,184.14923095703125,581.4488525390625,291.0266418457031,650.765380859375,0.5225654244422913,2.0
81,1799.83642578125,460.32977294921875,1900.010009765625,521.8521118164062,0.4591140151023865,2.0
82,173.6080780029297,584.8241577148438,272.4824523925781,648.4254760742188,0.6224027276039124,2.0
82,236.50755310058594,434.06329345703125,366.02996826171875,496.52667236328125,0.537086009979248,2.0
82,1792.8565673828125,462.0306396484375,1881.0634765625,526.4596557617188,0.4530245065689087,2.0
82,231.4362030029297,407.5250549316406,354.0597229003906,476.0569763183594,0.3096664845943451,2.0
83,226.08782958984375,443.23358154296875,337.2553405761719,505.78912353515625,0.5551056861877441,2.0
83,170.47203063964844,589.786865234375,257.4666442871094,656.68017578125,0.5176606178283691,2.0
83,1754.96044921875,463.8277893066406,1852.6646728515625,524.8668823242188,0.4693982005119324,2.0
84,179.85787963867188,440.1708679199219,316.1199645996094,506.6002502441406,0.5659008622169495,2.0
84,136.03643798828125,605.7405395507812,235.99624633789062,668.1011352539062,0.5578600168228149,2.0
84,1740.4749755859375,462.956787109375,1825.6610107421875,529.215576171875,0.5139117240905762,2.0
85,112.77085876464844,614.2000122070312,226.55679321289062,680.4213256835938,0.6375975608825684,2.0
85,1719.23876953125,465.1362609863281,1811.9097900390625,530.8700561523438,0.5507358312606812,2.0
85,155.4212646484375,456.05267333984375,287.87945556640625,522.5287475585938,0.3909953534603119,2.0
85,126.95562744140625,431.1562194824219,267.9317626953125,507.1341247558594,0.35024359822273254,2.0
86,103.88381958007812,619.3677368164062,197.65750122070312,677.5364990234375,0.6357797980308533,2.0
86,125.10657501220703,450.7640380859375,259.4232482910156,525.9627075195312,0.5534021854400635,2.0
86,1689.98974609375,475.310791015625,1780.97265625,538.2578735351562,0.4301174581050873,2.0
87,1075.0623779296875,106.3929672241211,1131.566162109375,217.7516326904297,0.3161979019641876,0.0
87,85.02307891845703,622.502685546875,191.49020385742188,685.408447265625,0.5645962953567505,2.0
87,107.0340805053711,459.0229187011719,242.61154174804688,529.1429443359375,0.5285893678665161,2.0
87,1660.430419921875,473.80438232421875,1762.803955078125,539.1255493164062,0.5216661691665649,2.0
87,19.162857055664062,1045.602783203125,476.00469970703125,1266.5894775390625,0.3236876130104065,2.0
88,1643.324951171875,474.2808837890625,1743.89013671875,539.9235229492188,0.581879198551178,2.0
88,74.0025634765625,626.2188720703125,177.02906799316406,685.597412109375,0.4294787645339966,2.0
88,106.5546875,461.7645568847656,224.01011657714844,525.8741455078125,0.37082788348197937,2.0
89,1639.6419677734375,474.3990173339844,1737.99853515625,539.4330444335938,0.5290220975875854,2.0
89,76.95572662353516,626.0113525390625,190.6396484375,685.39306640625,0.40746328234672546,2.0
89,102.49423217773438,460.8874816894531,229.4651641845703,525.74609375,0.3785287141799927,2.0
90,1639.0826416015625,473.6817626953125,1738.8553466796875,540.3418579101562,0.5514772534370422,2.0
90,90.51103973388672,626.1317138671875,193.81019592285156,684.6976928710938,0.36462870240211487,2.0
90,97.62224578857422,459.08575439453125,239.3396453857422,527.7471923828125,0.3024471402168274,2.0
91,1635.5760498046875,476.8493347167969,1737.557373046875,540.5155029296875,0.5595735311508179,2.0
92,1631.3099365234375,476.63232421875,1733.8826904296875,539.7438354492188,0.4797361493110657,2.0
92,378.14849853515625,491.5640563964844,507.48992919921875,560.4857177734375,0.36781129240989685,2.0
93,1632.0767822265625,476.6878967285156,1731.951904296875,540.2010498046875,0.43219247460365295,2.0
93,83.36160278320312,458.68719482421875,211.55722045898438,527.0944213867188,0.4239059090614319,2.0
93,399.0729064941406,906.2513427734375,973.9691162109375,1164.9464111328125,0.34101608395576477,2.0
94,1628.53076171875,477.8708801269531,1732.4617919921875,541.5384521484375,0.5062946081161499,2.0
94,78.51164245605469,458.6202392578125,217.56112670898438,527.8709106445312,0.4059714078903198,2.0
95,1601.7608642578125,479.2073669433594,1718.1549072265625,539.9926147460938,0.4892907440662384,2.0
96,1592.6971435546875,479.6274108886719,1714.1705322265625,539.0106811523438,0.4926300048828125,2.0
96,76.45130157470703,462.39190673828125,217.13197326660156,527.5462646484375,0.31718939542770386,2.0
97,1590.1329345703125,478.57672119140625,1706.6463623046875,538.80126953125,0.5113521814346313,2.0
97,7.725163459777832,1109.760498046875,345.8674621582031,1283.9947509765625,0.37014129757881165,2.0
97,74.73743438720703,460.946044921875,215.17230224609375,527.8822631835938,0.34305045008659363,2.0
98,1584.1815185546875,481.4071960449219,1698.43310546875,538.8051147460938,0.394612580537796,2.0
98,82.43771362304688,460.5120544433594,211.23123168945312,527.3197631835938,0.31355011463165283,2.0
99,1582.77734375,480.39752197265625,1697.3931884765625,538.810302734375,0.4148082137107849,2.0
99,81.43157958984375,457.99639892578125,209.7414093017578,528.2327880859375,0.4004458487033844,2.0
100,77.57865142822266,458.99658203125,210.8308563232422,528.2863159179688,0.38585203886032104,2.0
100,1579.9881591796875,480.2879638671875,1699.8544921875,540.1715087890625,0.36419451236724854,2.0
101,77.38488006591797,462.80865478515625,207.02113342285156,527.5497436523438,0.37741997838020325,2.0
101,1577.35107421875,482.3888244628906,1697.2589111328125,542.573486328125,0.3731982707977295,2.0
101,0.0,1117.1317138671875,290.3331298828125,1284.3919677734375,0.3489346206188202,2.0
102,4.703783988952637,1109.0194091796875,340.3780517578125,1300.6417236328125,0.39214205741882324,2.0
102,1571.369384765625,480.46826171875,1698.0245361328125,542.36376953125,0.38435420393943787,2.0
102,76.24250030517578,463.53717041015625,206.70452880859375,526.9306030273438,0.3331429064273834,2.0
103,1538.997314453125,481.6346435546875,1666.0,544.157470703125,0.3664223849773407,2.0
103,75.34966278076172,462.7696228027344,209.2344512939453,527.1719360351562,0.33159464597702026,2.0
104,1532.960693359375,484.3579406738281,1650.9063720703125,545.0233154296875,0.3716818392276764,2.0
104,75.99396514892578,461.841796875,209.1446533203125,524.87646484375,0.30075007677078247,2.0
105,1525.8692626953125,489.22857666015625,1641.791015625,550.0858764648438,0.3462541699409485,2.0
106,76.09850311279297,458.3931579589844,213.50216674804688,526.590087890625,0.33530449867248535,2.0
106,0.0,1118.7271728515625,288.3764343261719,1290.99755859375,0.3102950155735016,2.0
106,1527.74462890625,490.3337097167969,1634.6884765625,550.32861328125,0.3023102283477783,2.0
107,1528.599853515625,490.6546630859375,1637.287841796875,550.4254760742188,0.3930492401123047,2.0
107,74.56429290771484,456.9457092285156,214.02182006835938,529.6537475585938,0.38897520303726196,2.0
107,0.0,1117.9688720703125,291.06689453125,1294.6817626953125,0.3246411979198456,2.0
108,1521.572021484375,489.4143371582031,1636.58154296875,549.1957397460938,0.42551201581954956,2.0
109,1496.3756103515625,492.1919250488281,1609.6136474609375,553.814208984375,0.529338538646698,2.0
109,74.91307067871094,460.2144470214844,206.46560668945312,529.620361328125,0.313037246465683,2.0
110,1492.700927734375,492.27301025390625,1603.53466796875,553.8993530273438,0.524124801158905,2.0
111,1493.4615478515625,492.25665283203125,1605.6541748046875,557.083984375,0.4705076217651367,2.0
111,0.0,1125.8934326171875,271.9431457519531,1285.96630859375,0.3779297471046448,2.0
112,1486.1256103515625,491.4527282714844,1599.9742431640625,554.5162963867188,0.4550270438194275,2.0
112,0.0,1128.0316162109375,273.9974060058594,1293.291015625,0.3022213578224182,2.0
113,1486.114501953125,486.9521484375,1594.352783203125,551.7548828125,0.44870641827583313,2.0
113,0.0,1125.1666259765625,277.4100341796875,1289.6710205078125,0.31072893738746643,2.0
114,61.36419677734375,461.19329833984375,207.82008361816406,525.0975341796875,0.48676028847694397,2.0
114,1478.3455810546875,491.662353515625,1585.0919189453125,554.1331176757812,0.41428300738334656,2.0
114,1154.1292724609375,1227.5594482421875,1211.310302734375,1288.456787109375,0.33558622002601624,2.0
114,0.0,1128.590087890625,270.90301513671875,1289.9405517578125,0.30027347803115845,2.0
115,1461.58984375,492.253662109375,1586.509033203125,558.6547241210938,0.5211837887763977,2.0
115,55.177146911621094,457.2833251953125,209.5191192626953,526.0050048828125,0.48341789841651917,2.0
115,0.0,1128.86572265625,262.5573425292969,1288.6038818359375,0.3024837374687195,2.0
116,55.644527435302734,452.83642578125,206.4701385498047,527.376220703125,0.5172961354255676,2.0
116,1468.8406982421875,491.0457763671875,1577.0238037109375,556.8131103515625,0.5156463980674744,2.0
117,1438.5291748046875,493.76336669921875,1555.2060546875,559.024658203125,0.4771256446838379,2.0
117,52.931949615478516,459.6900634765625,195.4814910888672,527.8590087890625,0.38957422971725464,2.0
117,1135.0291748046875,1238.3187255859375,1195.5732421875,1303.6861572265625,0.30991414189338684,2.0
118,1426.74560546875,492.5157775878906,1556.6744384765625,561.675048828125,0.580313503742218,2.0
118,1128.83056640625,1233.2498779296875,1186.99169921875,1301.113525390625,0.49005669355392456,2.0
119,1409.52783203125,497.68798828125,1535.7344970703125,566.4786987304688,0.4340975880622864,2.0
119,24.1538143157959,457.58343505859375,153.61993408203125,527.6468505859375,0.31004399061203003,2.0
120,1364.6680908203125,492.91314697265625,1503.27880859375,564.3302001953125,0.5812312364578247,2.0
120,4.289088249206543,451.0295104980469,125.49678039550781,534.49609375,0.5624419450759888,2.0
121,1327.0096435546875,491.87994384765625,1471.821533203125,566.2703247070312,0.6269798278808594,2.0
121,11.02128791809082,454.8337097167969,101.74747467041016,531.54150390625,0.5282293558120728,2.0
121,1078.0850830078125,1240.439208984375,1133.318359375,1305.968994140625,0.42408692836761475,2.0
122,1318.9686279296875,496.9693603515625,1458.570068359375,569.2366333007812,0.645814836025238,2.0
122,6.63755989074707,460.0499267578125,87.75311279296875,531.6309814453125,0.48586249351501465,2.0
122,1076.7713623046875,1243.2486572265625,1130.4295654296875,1304.4122314453125,0.3773655891418457,2.0
123,1301.409912109375,496.7808837890625,1448.1580810546875,567.6346435546875,0.578516960144043,2.0
123,5.634719371795654,458.7857666015625,85.91808319091797,532.6212158203125,0.46431922912597656,2.0
124,1305.46240234375,497.8287658691406,1447.79345703125,566.1292114257812,0.5394542813301086,2.0
124,3.867255449295044,460.63818359375,84.57012939453125,532.5532836914062,0.42080748081207275,2.0
125,1301.234375,502.27386474609375,1436.99267578125,568.0148315429688,0.5449544191360474,2.0
125,3.8996927738189697,461.0975036621094,85.82666015625,533.0840454101562,0.45976167917251587,2.0
126,1272.0106201171875,501.2539367675781,1421.28955078125,576.7427368164062,0.6779571771621704,2.0
126,3.390019655227661,461.88189697265625,82.40480041503906,532.7935180664062,0.4391997754573822,2.0
127,1261.2578125,502.7130432128906,1420.43505859375,578.2210083007812,0.6822301149368286,2.0
127,2.8501040935516357,459.6137390136719,79.70691680908203,532.2384033203125,0.3659312427043915,2.0
127,1059.5352783203125,1265.8323974609375,1118.3016357421875,1329.05517578125,0.3582984209060669,2.0
127,362.2242431640625,974.3226318359375,829.4937744140625,1234.751953125,0.32852593064308167,2.0
128,1252.6031494140625,501.17401123046875,1409.1671142578125,579.1307373046875,0.6562389135360718,2.0
128,2.52553391456604,457.3965759277344,82.91279602050781,532.3937377929688,0.3832775950431824,2.0
129,1377.0673828125,939.2318725585938,1523.5821533203125,1020.4400634765625,0.37182819843292236,1.0
129,1249.4071044921875,505.2122802734375,1403.86962890625,580.8204345703125,0.6321164965629578,2.0
129,4.798620700836182,459.3293151855469,81.3603515625,531.7490234375,0.3488476574420929,2.0
130,1416.371337890625,938.0029907226562,1570.76171875,1032.34912109375,0.3805151581764221,1.0
130,1245.3758544921875,506.2715148925781,1401.9141845703125,580.111328125,0.5988393425941467,2.0
130,5.502519130706787,458.3690185546875,80.3060531616211,531.3486328125,0.3337116241455078,2.0
131,1236.467529296875,503.5710754394531,1397.6365966796875,580.86328125,0.610460638999939,2.0
131,1444.9061279296875,947.3988647460938,1613.2578125,1039.6767578125,0.4686371982097626,2.0
131,5.6407928466796875,458.8365478515625,80.77493286132812,531.6694946289062,0.3653191328048706,2.0
132,1207.5672607421875,506.308837890625,1376.9000244140625,582.6149291992188,0.6021950244903564,2.0
132,1475.095703125,957.4486694335938,1639.08642578125,1043.3970947265625,0.3811585605144501,2.0
132,5.234810829162598,457.8842468261719,80.63772583007812,531.6287231445312,0.3670785129070282,2.0
133,1191.6644287109375,500.157958984375,1369.5006103515625,583.549072265625,0.680222749710083,2.0
133,6.423009872436523,459.06781005859375,81.56915283203125,532.1631469726562,0.39545539021492004,2.0
133,1514.34423828125,966.994873046875,1672.3155517578125,1053.317626953125,0.3020187318325043,2.0
134,1183.4798583984375,505.2912902832031,1361.313720703125,585.235595703125,0.609117865562439,2.0
134,7.036526679992676,459.6820983886719,80.15634155273438,531.4918212890625,0.41257980465888977,2.0
134,1551.3243408203125,972.3104858398438,1716.8800048828125,1063.1014404296875,0.4113737642765045,2.0
135,1182.07421875,505.2950744628906,1353.5400390625,582.5164794921875,0.5640395879745483,2.0
135,6.982483386993408,460.5700378417969,80.19524383544922,530.9500732421875,0.4257359802722931,2.0
136,1158.4605712890625,506.2319030761719,1332.6357421875,584.91015625,0.6014610528945923,2.0
136,1617.45556640625,991.002197265625,1787.97265625,1093.2142333984375,0.48251670598983765,2.0
136,4.761285305023193,460.8591613769531,75.71943664550781,530.5535888671875,0.3179920017719269,2.0
137,1158.2276611328125,508.569580078125,1323.9420166015625,584.49658203125,0.5811641216278076,2.0
137,1652.4564208984375,995.5680541992188,1833.21435546875,1094.883544921875,0.3921718895435333,2.0
137,4.1743597984313965,461.298828125,65.36922454833984,530.2158813476562,0.3089810013771057,2.0
138,1141.8057861328125,506.9705810546875,1319.6343994140625,586.434814453125,0.6444557905197144,2.0
138,1668.28515625,1001.8911743164062,1865.609130859375,1099.2674560546875,0.38310813903808594,2.0
138,0.19057750701904297,460.79022216796875,57.902740478515625,531.8650512695312,0.3035617768764496,2.0
139,1715.2178955078125,1007.9187622070312,1897.8294677734375,1112.116455078125,0.6393288373947144,2.0
139,1129.93896484375,505.92181396484375,1302.1212158203125,585.2369995117188,0.5450277924537659,2.0
139,0.0,459.93231201171875,51.32959747314453,529.524169921875,0.3257562816143036,2.0
140,1752.7421875,1019.968505859375,1932.983642578125,1116.8985595703125,0.621201753616333,2.0
140,1094.9478759765625,499.6125183105469,1278.16796875,591.1892700195312,0.6200365424156189,2.0
141,1077.98486328125,501.536376953125,1269.4200439453125,588.9976806640625,0.5873681306838989,2.0
141,1769.5115966796875,1030.441162109375,1971.48193359375,1135.1212158203125,0.4057302474975586,2.0
142,1067.57666015625,501.7538757324219,1257.8714599609375,595.385498046875,0.5820815563201904,2.0
142,1812.1275634765625,1037.0352783203125,2008.552734375,1135.7108154296875,0.5420284867286682,2.0
143,1855.172607421875,1044.0072021484375,2051.48486328125,1148.5638427734375,0.6513689756393433,2.0
143,1048.999267578125,501.16632080078125,1228.15380859375,588.220947265625,0.5393409729003906,2.0
144,1037.03759765625,499.6996154785156,1218.2559814453125,595.9280395507812,0.6076160669326782,2.0
144,1899.31201171875,1049.4547119140625,2091.595947265625,1158.9727783203125,0.5697827339172363,2.0
145,1039.4129638671875,513.9860229492188,1209.30810546875,608.4708862304688,0.6537562608718872,2.0
145,1920.66845703125,1060.521484375,2136.890625,1161.8167724609375,0.5308986306190491,2.0
146,1025.0263671875,514.5849609375,1204.7835693359375,610.6487426757812,0.5863950848579407,2.0
146,1966.1065673828125,1069.5745849609375,2184.478515625,1172.2979736328125,0.4352889657020569,2.0
147,1032.2169189453125,516.532958984375,1199.4644775390625,607.24853515625,0.508301854133606,2.0
147,2005.616943359375,1081.814453125,2237.33154296875,1202.79150390625,0.3712850511074066,2.0
148,976.4637451171875,499.160888671875,1190.8245849609375,597.6039428710938,0.6072604656219482,2.0
148,1144.0538330078125,926.569580078125,1303.4122314453125,1030.5447998046875,0.34797966480255127,2.0
148,2058.4814453125,1088.8489990234375,2285.05322265625,1218.1495361328125,0.32640522718429565,2.0
149,974.845703125,509.730712890625,1172.9976806640625,611.7263793945312,0.6393227577209473,2.0
149,2113.609619140625,1099.031005859375,2330.4033203125,1224.7813720703125,0.45861223340034485,2.0
149,1158.5555419921875,929.5631713867188,1328.99853515625,1036.8795166015625,0.38552987575531006,2.0
150,978.4749145507812,513.9423828125,1167.5115966796875,608.137451171875,0.6451636552810669,2.0
150,1191.125244140625,932.5695190429688,1354.5252685546875,1035.8883056640625,0.4918259084224701,2.0
151,958.7472534179688,510.6142578125,1159.8551025390625,615.3515625,0.6696373224258423,2.0
151,1230.491455078125,935.4443359375,1397.7510986328125,1043.9541015625,0.4944741129875183,2.0
151,915.7482299804688,880.0277709960938,1113.114013671875,1035.79150390625,0.42554572224617004,2.0
151,2199.08837890625,1126.4378662109375,2449.5556640625,1258.9559326171875,0.31572607159614563,2.0
152,1258.567138671875,941.2703247070312,1420.8529052734375,1050.9111328125,0.6688882112503052,2.0
152,934.0131225585938,516.2512817382812,1134.2362060546875,612.2035522460938,0.5721949934959412,2.0
152,963.1549682617188,917.0747680664062,1144.79296875,1048.5718994140625,0.5172048807144165,2.0
152,2259.090576171875,1129.708984375,2504.510009765625,1270.54248046875,0.3918478190898895,2.0
153,992.2526245117188,926.6828002929688,1182.9208984375,1051.7288818359375,0.7502810955047607,2.0
153,924.55712890625,516.0756225585938,1128.9708251953125,617.0747680664062,0.68977952003479,2.0
153,2320.41650390625,1144.0191650390625,2554.5947265625,1269.9539794921875,0.4056428074836731,2.0
153,1290.921875,957.8111572265625,1451.6834716796875,1059.567138671875,0.33617669343948364,2.0
154,1024.8173828125,930.8677368164062,1204.88134765625,1055.65185546875,0.8309764266014099,2.0
154,920.3807373046875,516.3553466796875,1116.2657470703125,615.579833984375,0.6462897062301636,2.0
154,1315.0400390625,964.0232543945312,1486.3668212890625,1071.167236328125,0.4987518787384033,2.0
154,2372.858154296875,1150.6494140625,2606.655517578125,1275.306396484375,0.305597186088562,2.0
155,1353.8604736328125,969.6465454101562,1505.3509521484375,1097.123779296875,0.5838438272476196,1.0
155,1044.603515625,936.9027709960938,1244.3262939453125,1070.5782470703125,0.7456245422363281,2.0
155,908.3317260742188,513.9483642578125,1118.76171875,619.9570922851562,0.7304754853248596,2.0
155,1006.8821411132812,1248.387939453125,1068.96484375,1315.47900390625,0.30222004652023315,2.0
156,1087.524658203125,947.4576416015625,1280.552734375,1079.8927001953125,0.8210006356239319,2.0
156,904.93017578125,518.2984619140625,1111.575927734375,618.8197021484375,0.6553285121917725,2.0
156,1391.1956787109375,971.362060546875,1549.9754638671875,1099.242431640625,0.3654363453388214,2.0
157,1411.19775390625,982.0432739257812,1574.0042724609375,1097.9774169921875,0.4986605942249298,1.0
157,1120.662353515625,953.0128784179688,1312.26025390625,1081.4381103515625,0.7921159863471985,2.0
157,876.31982421875,525.600341796875,1084.964111328125,626.8709106445312,0.7006043791770935,2.0
158,1158.0196533203125,956.2332153320312,1360.2119140625,1111.292236328125,0.7229017615318298,2.0
158,873.0108642578125,519.6446533203125,1084.691162109375,626.2801513671875,0.7154067158699036,2.0
158,1454.4073486328125,988.2627563476562,1618.6851806640625,1108.5357666015625,0.704032301902771,2.0
159,1186.1484375,965.4364013671875,1388.4600830078125,1105.388671875,0.8109163045883179,2.0
159,855.3733520507812,520.36376953125,1071.1561279296875,630.5682373046875,0.7327197194099426,2.0
159,1486.7762451171875,1010.1236572265625,1665.489013671875,1115.693359375,0.5179621577262878,2.0
159,2143.222900390625,921.5859375,2325.373291015625,1006.53564453125,0.36780259013175964,2.0
160,1224.0870361328125,974.8800048828125,1427.9130859375,1119.1861572265625,0.8002318143844604,2.0
160,844.6337890625,524.7778930664062,1061.3555908203125,634.68701171875,0.7294473052024841,2.0
160,1516.8172607421875,1015.60302734375,1698.3773193359375,1121.876708984375,0.632685124874115,2.0
160,2114.999755859375,918.666259765625,2299.253662109375,1007.3611450195312,0.3498794436454773,2.0
161,1264.333740234375,983.7135009765625,1463.8892822265625,1130.4705810546875,0.74763423204422,2.0
161,823.94873046875,524.3448486328125,1042.294189453125,636.2060546875,0.7422964572906494,2.0
161,1552.2083740234375,1023.7252197265625,1730.7335205078125,1145.3538818359375,0.6506935954093933,2.0
162,821.3514404296875,528.5021362304688,1035.822509765625,641.1610717773438,0.7814587354660034,2.0
162,1291.8890380859375,989.7360229492188,1511.2998046875,1138.6732177734375,0.7550686597824097,2.0
162,1589.680419921875,1026.9798583984375,1774.1336669921875,1147.2406005859375,0.6888794898986816,2.0
163,801.6600952148438,533.1909790039062,1025.9354248046875,639.98291015625,0.7475805282592773,2.0
163,1332.6527099609375,999.0945434570312,1542.2752685546875,1139.343994140625,0.7396393418312073,2.0
163,1619.6827392578125,1040.3485107421875,1813.9752197265625,1153.5052490234375,0.6830005049705505,2.0
164,1362.675048828125,1010.298095703125,1597.0360107421875,1172.4527587890625,0.7925387024879456,2.0
164,1662.29931640625,1044.943603515625,1865.5418701171875,1156.8648681640625,0.7771346569061279,2.0
164,788.7631225585938,529.1958618164062,1013.8486938476562,638.8862915039062,0.6842964887619019,2.0
165,1963.597412109375,902.5516967773438,2096.45654296875,982.338134765625,0.32703733444213867,1.0
165,756.7691650390625,529.9512939453125,1001.6161499023438,647.2034301757812,0.7357983589172363,2.0
165,1409.4267578125,1015.8045043945312,1636.9129638671875,1183.0975341796875,0.7154945731163025,2.0
165,1713.4061279296875,1054.6005859375,1892.696533203125,1174.6395263671875,0.5991880893707275,2.0
166,1941.709716796875,894.6752319335938,2084.54296875,977.7846069335938,0.5048192739486694,1.0
166,754.4657592773438,529.3675537109375,998.5005493164062,647.3787231445312,0.759151816368103,2.0
166,1442.7042236328125,1027.8431396484375,1677.08642578125,1187.9197998046875,0.7555027008056641,2.0
166,1747.6861572265625,1067.8701171875,1946.0089111328125,1178.1424560546875,0.7176986932754517,2.0
167,1908.23095703125,892.8108520507812,2044.227294921875,967.4845581054688,0.42907974123954773,1.0
167,1494.297607421875,1035.424072265625,1717.0755615234375,1194.7144775390625,0.7522749900817871,2.0
167,739.3893432617188,534.3573608398438,981.2899169921875,651.6857299804688,0.7445975542068481,2.0
167,1791.9422607421875,1073.1978759765625,1989.201904296875,1201.94970703125,0.7062246799468994,2.0
168,1876.0291748046875,888.474609375,2030.9488525390625,965.561279296875,0.30822187662124634,1.0
168,723.3753662109375,531.0126342773438,971.1787719726562,653.3795166015625,0.7584312558174133,2.0
168,1821.50244140625,1078.147216796875,2037.298828125,1201.564208984375,0.7439303994178772,2.0
168,1532.7186279296875,1042.817138671875,1752.76220703125,1198.7293701171875,0.7302365303039551,2.0
169,1848.92333984375,886.6138916015625,1997.60791015625,963.8704223632812,0.3538312315940857,1.0
169,1867.697265625,1087.9937744140625,2088.9462890625,1214.703125,0.7767261862754822,2.0
169,1572.7003173828125,1055.3155517578125,1798.5948486328125,1224.3326416015625,0.7348067760467529,2.0
169,717.7149658203125,529.9810180664062,968.7269897460938,651.5529174804688,0.7264581918716431,2.0
170,1615.1929931640625,1065.41845703125,1857.527587890625,1228.229248046875,0.7955859303474426,2.0
170,1909.4693603515625,1096.8414306640625,2143.932373046875,1223.8206787109375,0.7631604075431824,2.0
170,692.2261352539062,538.2967529296875,947.6790161132812,656.3506469726562,0.714422345161438,2.0
171,1794.8314208984375,871.567138671875,1926.900390625,946.8955078125,0.35339972376823425,1.0
171,1667.6614990234375,1074.063720703125,1907.71875,1246.54541015625,0.7539215683937073,2.0
171,677.7423095703125,554.0244750976562,928.2421264648438,671.3082885742188,0.7338681221008301,2.0
171,1954.043701171875,1100.8577880859375,2178.46728515625,1241.2303466796875,0.6195164322853088,2.0
172,1716.5294189453125,1082.057861328125,1956.5584716796875,1252.9454345703125,0.6724621653556824,2.0
172,669.0254516601562,557.0039672851562,923.1054077148438,673.4058227539062,0.6437528133392334,2.0
172,1996.835693359375,1119.9124755859375,2231.89111328125,1263.730224609375,0.4570281207561493,2.0
173,644.8631591796875,557.4212646484375,890.5487670898438,673.23095703125,0.7168939709663391,2.0
173,1754.868896484375,1093.9920654296875,2024.6390380859375,1292.392333984375,0.5573045015335083,2.0
173,2045.13525390625,1123.5595703125,2293.552001953125,1269.80419921875,0.4352920949459076,2.0
174,626.321533203125,553.1573486328125,894.1723022460938,678.5889282226562,0.7929402589797974,2.0
174,2102.390869140625,1136.2921142578125,2338.907958984375,1269.233154296875,0.5736974477767944,2.0
174,1797.606201171875,1107.1240234375,2049.63818359375,1279.7943115234375,0.5661791563034058,2.0
174,1043.5947265625,1265.67138671875,1111.4627685546875,1333.42333984375,0.325447142124176,2.0
175,617.0748291015625,557.940673828125,880.4738159179688,678.0741577148438,0.7243808507919312,2.0
175,1854.6512451171875,1110.789794921875,2134.502197265625,1296.128173828125,0.6130205988883972,2.0
175,2153.386474609375,1137.6419677734375,2399.00537109375,1279.349853515625,0.6087859272956848,2.0
175,359.0939636230469,537.8502807617188,520.0462036132812,622.4528198242188,0.3016575574874878,2.0
176,599.67919921875,553.1067504882812,879.6393432617188,681.9307250976562,0.7384430766105652,2.0
176,1894.5477294921875,1121.3333740234375,2162.527587890625,1305.91357421875,0.55973881483078,2.0
176,2201.09912109375,1150.0682373046875,2452.43408203125,1283.387939453125,0.510790228843689,2.0
177,1631.4853515625,844.8980102539062,1771.9681396484375,912.8935546875,0.31380587816238403,1.0
177,578.5388793945312,559.28955078125,843.8613891601562,682.49072265625,0.791083037853241,2.0
177,2253.8427734375,1157.896484375,2512.714599609375,1290.4583740234375,0.5418323874473572,2.0
177,1950.171142578125,1118.8638916015625,2250.3212890625,1316.1263427734375,0.3856135606765747,2.0
177,350.9974670410156,519.1431884765625,538.5509033203125,628.9601440429688,0.32436415553092957,2.0
177,1056.17529296875,1270.7012939453125,1121.48095703125,1333.885009765625,0.3090752959251404,2.0
178,557.0145874023438,564.4989013671875,835.455322265625,685.0438232421875,0.7907032370567322,2.0
178,2299.28369140625,1167.8238525390625,2561.443115234375,1323.642333984375,0.5106015801429749,2.0
178,2007.7908935546875,1142.8858642578125,2288.716796875,1339.1383056640625,0.4994949996471405,2.0
179,548.67919921875,554.0608520507812,827.1490478515625,686.4655151367188,0.7620266675949097,2.0
179,2051.453369140625,1142.5045166015625,2357.476806640625,1350.908447265625,0.5123299956321716,2.0
179,2354.756591796875,1175.5947265625,2621.53125,1326.2379150390625,0.49084988236427307,2.0
180,523.6062622070312,553.7267456054688,789.4456787109375,682.322998046875,0.7865511775016785,2.0
180,2107.310791015625,1150.5458984375,2395.4365234375,1337.34619140625,0.513954758644104,2.0
180,2406.608642578125,1172.3602294921875,2673.981689453125,1328.8267822265625,0.3574247360229492,2.0
180,1060.6585693359375,1244.483154296875,1121.8453369140625,1305.4249267578125,0.34549829363822937,2.0
180,363.4210510253906,527.780029296875,510.91705322265625,610.590087890625,0.3298512399196625,2.0
181,491.5135803222656,522.8285522460938,793.2955322265625,668.6900634765625,0.7143039107322693,2.0
181,2161.663330078125,1148.6883544921875,2462.591796875,1349.4527587890625,0.6472092270851135,2.0
182,481.9349670410156,516.4127197265625,790.2576904296875,663.1380004882812,0.7452495098114014,2.0
182,2209.8330078125,1146.5794677734375,2521.07177734375,1353.1392822265625,0.6051038503646851,2.0
182,330.8823547363281,434.8280334472656,447.876220703125,497.41131591796875,0.3506229817867279,2.0
182,2536.000244140625,1179.800537109375,2719.0,1318.3546142578125,0.30323588848114014,2.0
183,470.6685485839844,521.3439331054688,741.622314453125,654.6648559570312,0.79551762342453,2.0
183,2262.911376953125,1146.558349609375,2576.64697265625,1353.5487060546875,0.6569640636444092,2.0
184,442.98150634765625,514.0985717773438,745.0274658203125,651.9103393554688,0.7868788242340088,2.0
184,2328.59326171875,1156.5797119140625,2635.264892578125,1356.5474853515625,0.6454417705535889,2.0
184,2529.707275390625,855.4137573242188,2719.0,1012.2872924804688,0.31492432951927185,2.0
185,435.3656921386719,511.5376281738281,738.0083618164062,653.6100463867188,0.7535674571990967,2.0
185,2385.1005859375,1168.923583984375,2691.696533203125,1366.99658203125,0.6750369668006897,2.0
186,399.5043029785156,513.5404663085938,703.942138671875,653.8591918945312,0.7827444076538086,2.0
186,2453.834716796875,1164.7640380859375,2719.0,1382.517822265625,0.5118460655212402,2.0
187,368.01690673828125,513.0684814453125,703.962890625,660.173095703125,0.7353817820549011,2.0
187,2419.409423828125,837.616943359375,2673.413818359375,979.76123046875,0.4033004641532898,2.0
187,2510.508056640625,1186.847412109375,2719.0,1415.0802001953125,0.37885355949401855,2.0
188,347.4066162109375,515.1810913085938,655.9288940429688,667.9032592773438,0.7516882419586182,2.0
188,2392.593994140625,831.7933959960938,2659.6064453125,986.7572021484375,0.4860081672668457,2.0
189,2654.358642578125,1241.582275390625,2714.744873046875,1374.6458740234375,0.31316938996315,0.0
189,301.5696716308594,510.95086669921875,665.908203125,671.2926635742188,0.705776572227478,2.0
189,2361.351318359375,832.5457763671875,2619.756103515625,981.876220703125,0.5153446793556213,2.0
190,298.9415588378906,515.0603637695312,602.1591186523438,676.6298828125,0.7219544053077698,2.0
190,2330.7109375,825.6004638671875,2608.0498046875,971.7031860351562,0.3729609549045563,2.0
191,275.5256042480469,544.5264282226562,589.374755859375,689.189697265625,0.7017314434051514,2.0
191,2303.340087890625,830.5204467773438,2562.376953125,963.501953125,0.6464374661445618,2.0
192,249.4977569580078,546.6272583007812,551.3944091796875,685.8870239257812,0.6797323822975159,2.0
192,2253.1064453125,822.3392333984375,2531.0673828125,962.8021850585938,0.5881224274635315,2.0
192,340.56256103515625,516.3839111328125,618.8709106445312,654.328125,0.30067381262779236,2.0
193,211.93844604492188,542.8853149414062,557.5389404296875,691.1710205078125,0.659579873085022,2.0
193,2242.695068359375,819.6958618164062,2502.60009765625,952.2686767578125,0.5837899446487427,2.0
194,184.53492736816406,546.4940795898438,510.469482421875,692.4834594726562,0.7446748614311218,2.0
194,2204.780517578125,812.3386840820312,2464.668212890625,949.4506225585938,0.5084213018417358,2.0
194,283.3200378417969,520.313720703125,573.06298828125,659.7638549804688,0.3415033519268036,2.0
195,153.7482147216797,547.60791015625,504.5928039550781,695.563720703125,0.7720565795898438,2.0
195,2187.2548828125,809.9959716796875,2448.6943359375,952.0908203125,0.6041643619537354,2.0
196,130.85629272460938,541.9405517578125,524.775390625,697.2405395507812,0.7216376662254333,2.0
196,2164.200439453125,813.0003051757812,2410.104736328125,946.554931640625,0.5844643115997314,2.0
197,95.75428771972656,546.8541259765625,474.44720458984375,703.1329345703125,0.7696650624275208,2.0
197,2135.996337890625,805.6231079101562,2392.69482421875,949.709716796875,0.6018813848495483,2.0
198,79.10295104980469,549.4044189453125,472.59967041015625,708.7427368164062,0.7305637001991272,2.0
198,2113.236572265625,813.63916015625,2352.77685546875,940.2398071289062,0.6086533069610596,2.0
199,24.648618698120117,551.4085083007812,438.33880615234375,718.3583374023438,0.6637642979621887,2.0
199,2082.985107421875,805.5964965820312,2339.368408203125,946.205322265625,0.5711681842803955,2.0
200,34.3180046081543,552.74609375,429.9580078125,716.8250122070312,0.7124613523483276,2.0
200,2059.086669921875,811.5681762695312,2298.345458984375,941.4330444335938,0.5907600522041321,2.0
201,0.0,558.907470703125,359.8789367675781,722.8685913085938,0.7210893630981445,2.0
201,2047.0921630859375,787.7899780273438,2280.019287109375,929.9851684570312,0.5053362250328064,2.0
202,0.0,561.506103515625,354.90667724609375,727.095703125,0.6478302478790283,2.0
202,2012.2691650390625,792.0988159179688,2244.541015625,921.954345703125,0.6398634314537048,2.0
203,1991.65966796875,789.0694580078125,2224.383544921875,916.8358154296875,0.6315518021583557,2.0
203,0.0,561.343017578125,305.7306213378906,728.8036499023438,0.6035573482513428,2.0
204,1968.04296875,789.2376708984375,2188.19482421875,917.3035278320312,0.7086268663406372,2.0
204,0.0,565.87890625,289.0253601074219,723.6298828125,0.6766679883003235,2.0
205,0.0,563.9580688476562,268.69183349609375,725.5732421875,0.7167114615440369,2.0
205,1946.5572509765625,782.0831298828125,2156.281005859375,910.6676025390625,0.6085194945335388,2.0
205,1194.053955078125,887.50244140625,1372.89111328125,990.587158203125,0.47102227807044983,2.0
206,1915.6474609375,778.1277465820312,2132.62548828125,907.1508178710938,0.7240214943885803,2.0
206,0.0,564.3060302734375,236.58985900878906,706.6287231445312,0.7013879418373108,2.0
206,1226.13623046875,893.0193481445312,1404.216552734375,992.6409301757812,0.534611701965332,2.0
207,0.0,572.922607421875,202.77340698242188,704.8848876953125,0.7032221555709839,2.0
207,1889.9776611328125,774.1087036132812,2108.654052734375,903.176025390625,0.6912584900856018,2.0
207,1261.5203857421875,892.6083374023438,1436.0291748046875,996.591552734375,0.5940743088722229,2.0
207,998.4478759765625,889.6746826171875,1134.6197509765625,981.0588989257812,0.37696319818496704,2.0
207,25.314151763916016,633.5125122070312,216.7742462158203,729.3555908203125,0.31617820262908936,2.0
208,1867.7762451171875,770.2908325195312,2078.525146484375,898.2623291015625,0.7210190296173096,2.0
208,0.7450374960899353,577.33984375,176.211181640625,696.7835083007812,0.7180524468421936,2.0
208,4.348095417022705,626.6725463867188,183.3478240966797,728.2351684570312,0.46101072430610657,2.0
208,1300.27734375,919.1378784179688,1470.946533203125,1007.1387329101562,0.43311989307403564,2.0
208,1024.11279296875,907.7495727539062,1185.7039794921875,993.9469604492188,0.3889217674732208,2.0
209,1841.2633056640625,766.0318603515625,2058.18701171875,894.3196411132812,0.7543280124664307,2.0
209,0.0,585.3893432617188,140.517578125,701.8345336914062,0.6416395306587219,2.0
209,1053.0992431640625,902.7337646484375,1213.9576416015625,998.2930908203125,0.6094125509262085,2.0
209,7.125664234161377,631.8456420898438,155.15353393554688,732.3244018554688,0.5221154689788818,2.0
209,1341.7181396484375,936.0425415039062,1501.74169921875,1020.6139526367188,0.39458537101745605,2.0
210,1817.34130859375,768.591552734375,2025.09619140625,889.01513671875,0.7440250515937805,2.0
210,1077.6484375,914.1844482421875,1252.947265625,1005.4766845703125,0.6556776165962219,2.0
210,1366.3074951171875,933.427001953125,1547.8619384765625,1033.3017578125,0.6253414154052734,2.0
210,2.3090100288391113,603.6253051757812,116.14234161376953,736.28515625,0.5564296841621399,2.0
211,1790.3988037109375,761.203369140625,2003.390869140625,888.1885375976562,0.7178324460983276,2.0
211,1408.4847412109375,941.8043212890625,1596.931884765625,1043.388671875,0.6984687447547913,2.0
211,1104.3966064453125,919.21044921875,1281.268310546875,1010.434814453125,0.5987600684165955,2.0
211,0.0,626.3110961914062,76.45401000976562,737.2462158203125,0.43185147643089294,2.0
211,0.0,601.4752807617188,66.49652862548828,689.2470703125,0.4066181480884552,2.0
212,1449.8885498046875,948.1045532226562,1635.5811767578125,1050.791748046875,0.7422456741333008,2.0
212,1761.000244140625,763.568115234375,1978.1287841796875,883.4056396484375,0.7029870748519897,2.0
212,1151.0306396484375,931.807373046875,1319.0531005859375,1024.4803466796875,0.6939610838890076,2.0
213,1747.2608642578125,761.5068359375,1949.6256103515625,881.8041381835938,0.6596965193748474,2.0
213,1177.8507080078125,930.021484375,1348.653564453125,1031.5296630859375,0.6569220423698425,2.0
213,1494.8603515625,960.2954711914062,1664.222412109375,1062.077880859375,0.6169955134391785,2.0
214,1209.89404296875,938.26318359375,1389.76904296875,1042.3370361328125,0.7107096314430237,2.0
214,1703.0777587890625,742.0398559570312,1935.53076171875,871.4322509765625,0.5781285762786865,2.0
214,1536.551513671875,971.3076782226562,1717.75048828125,1068.3857421875,0.4921729862689972,2.0
215,1245.294189453125,947.2908325195312,1419.3880615234375,1049.3056640625,0.7732639312744141,2.0
215,1693.6773681640625,744.3742065429688,1905.512939453125,864.9422607421875,0.6937220096588135,2.0
215,1559.4588623046875,980.2178955078125,1765.1156005859375,1086.3255615234375,0.5841593742370605,2.0
216,1281.594970703125,958.0955200195312,1456.9144287109375,1058.1622314453125,0.7463350296020508,2.0
216,1613.3587646484375,984.9613647460938,1809.139892578125,1097.04931640625,0.7452564239501953,2.0
216,1654.8775634765625,737.8328857421875,1880.28955078125,859.5001831054688,0.6339439153671265,2.0
217,1657.628662109375,997.841064453125,1852.2232666015625,1106.4307861328125,0.8072814345359802,2.0
217,1649.8260498046875,736.3258666992188,1850.7508544921875,864.2584838867188,0.7159295082092285,2.0
217,1311.5933837890625,968.0904541015625,1497.1297607421875,1063.1805419921875,0.7066161632537842,2.0
218,1358.5948486328125,979.107666015625,1532.5633544921875,1083.1888427734375,0.7491809725761414,2.0
218,1695.3743896484375,1011.1810913085938,1898.406005859375,1116.4249267578125,0.7182521224021912,2.0
218,1632.298583984375,733.0783081054688,1835.26220703125,858.8967895507812,0.5444833636283875,2.0
218,2493.2783203125,852.8543701171875,2693.01708984375,942.6847534179688,0.3101981282234192,2.0
219,1394.32080078125,983.4104614257812,1572.5902099609375,1092.65869140625,0.7860978841781616,2.0
219,1607.5826416015625,728.9725952148438,1807.7105712890625,856.8052368164062,0.7188263535499573,2.0
219,1739.938720703125,1025.2757568359375,1948.6669921875,1140.8038330078125,0.6269856691360474,2.0
220,1432.74462890625,990.7692260742188,1615.6988525390625,1103.614990234375,0.7111967206001282,2.0
220,1779.308349609375,1028.8284912109375,2001.1458740234375,1145.5877685546875,0.6933839321136475,2.0
220,1583.38623046875,727.5667114257812,1788.27099609375,850.044189453125,0.6144284009933472,2.0
221,1468.1064453125,1002.595947265625,1654.868408203125,1107.9622802734375,0.7517616152763367,2.0
221,1831.20654296875,1039.3531494140625,2052.766845703125,1153.368408203125,0.6780935525894165,2.0
221,1552.89208984375,729.6049194335938,1763.18603515625,852.476806640625,0.6452094316482544,2.0
221,1747.8782958984375,428.5890808105469,1854.10791015625,482.5641174316406,0.303846538066864,2.0
222,1511.4903564453125,1013.3514404296875,1699.728515625,1117.935546875,0.7693284749984741,2.0
222,1885.7510986328125,1053.0693359375,2106.780029296875,1162.8367919921875,0.6743384003639221,2.0
222,1529.817138671875,720.2240600585938,1740.1102294921875,848.7125244140625,0.5789485573768616,2.0
223,1546.7177734375,1027.794921875,1742.1435546875,1137.20166015625,0.7225465178489685,2.0
223,1517.852783203125,712.2000122070312,1706.2857666015625,845.59375,0.5750504732131958,2.0
223,1933.9781494140625,1060.7132568359375,2159.259765625,1169.93603515625,0.5575274229049683,2.0
223,2343.78564453125,842.3681640625,2540.681884765625,931.1144409179688,0.34601733088493347,2.0
224,1590.4754638671875,1034.2689208984375,1787.774658203125,1146.23046875,0.8122299313545227,2.0
224,1491.4814453125,704.985595703125,1694.6273193359375,844.092529296875,0.5536917448043823,2.0
224,1977.6341552734375,1076.0394287109375,2223.65380859375,1201.176025390625,0.488985538482666,2.0
224,2330.039306640625,840.568603515625,2513.03125,922.24267578125,0.4005192220211029,2.0
225,1637.0987548828125,1041.5361328125,1831.722900390625,1155.810302734375,0.7794356346130371,2.0
225,2029.9039306640625,1081.1707763671875,2277.177001953125,1214.121337890625,0.6734530329704285,2.0
225,1479.482421875,633.2314453125,1688.725830078125,864.1651611328125,0.47023534774780273,2.0
225,2541.951171875,996.0114135742188,2714.380615234375,1099.3123779296875,0.4051467776298523,2.0
225,2292.38330078125,833.7540893554688,2479.43798828125,921.0435791015625,0.3464537262916565,2.0
226,1687.220947265625,1050.793212890625,1879.960693359375,1163.8060302734375,0.7409152984619141,2.0
226,2075.576171875,1088.3848876953125,2342.14453125,1227.1187744140625,0.730962336063385,2.0
226,1459.658203125,702.9315795898438,1647.857421875,843.5326538085938,0.5165461897850037,2.0
226,2488.51416015625,983.4765014648438,2707.376220703125,1100.830810546875,0.5116419792175293,2.0
226,2269.26025390625,831.784423828125,2459.3662109375,918.3154907226562,0.3290739059448242,2.0
227,2134.3916015625,1101.6942138671875,2390.26904296875,1231.706787109375,0.6797379851341248,2.0
227,1717.7122802734375,1066.3072509765625,1931.6497802734375,1171.685302734375,0.6733894944190979,2.0
227,2436.14013671875,973.6199340820312,2665.392822265625,1099.721435546875,0.527601420879364,2.0
227,1454.4222412109375,655.8319091796875,1632.538818359375,848.2803344726562,0.5122029781341553,2.0
228,1777.9381103515625,1077.1541748046875,1995.05224609375,1198.4326171875,0.6834088563919067,2.0
228,2190.279296875,1110.3555908203125,2451.775146484375,1239.2850341796875,0.6458492875099182,2.0
228,2386.406982421875,964.6047973632812,2611.393310546875,1071.5921630859375,0.4957607388496399,2.0
228,1435.5545654296875,653.5015258789062,1621.1370849609375,846.42626953125,0.40410906076431274,2.0
229,1815.6982421875,1084.7373046875,2040.6497802734375,1204.448486328125,0.7777222990989685,2.0
229,2253.9423828125,1123.3646240234375,2519.41259765625,1261.748291015625,0.7706491947174072,2.0
229,2359.2412109375,959.6895141601562,2570.516845703125,1072.3065185546875,0.5914993286132812,2.0
229,2174.36181640625,815.4426879882812,2361.158203125,901.5327758789062,0.45651549100875854,2.0
229,1406.5152587890625,664.9586181640625,1594.735107421875,831.6328735351562,0.401960551738739,2.0
230,1869.2137451171875,1097.8443603515625,2090.48095703125,1214.6502685546875,0.7517492175102234,2.0
230,2310.95654296875,1138.075927734375,2570.4189453125,1270.727294921875,0.7203173041343689,2.0
230,2313.59326171875,955.80517578125,2516.242431640625,1070.124267578125,0.5028126835823059,2.0
230,2143.839111328125,805.3809814453125,2339.46142578125,900.3297119140625,0.34425586462020874,2.0
231,1924.8363037109375,1114.103271484375,2138.7978515625,1223.684326171875,0.7303128242492676,2.0
231,2375.453857421875,1145.3746337890625,2664.281982421875,1297.8963623046875,0.5373762249946594,2.0
231,2267.213134765625,949.8648681640625,2466.2451171875,1055.4691162109375,0.46033793687820435,2.0
231,2136.48583984375,807.5364990234375,2318.3115234375,885.7416381835938,0.3819950222969055,2.0
232,2217.619140625,940.7039794921875,2422.99951171875,1049.9871826171875,0.5744221806526184,2.0
232,1961.0465087890625,1127.8790283203125,2202.28515625,1247.8995361328125,0.56412672996521,2.0
232,2440.365234375,1160.1822509765625,2716.988037109375,1336.3973388671875,0.3514425456523895,2.0
233,2014.4742431640625,1132.5482177734375,2258.85205078125,1260.074462890625,0.6447002291679382,2.0
233,2178.36376953125,933.0296020507812,2376.253662109375,1058.1605224609375,0.4593782126903534,2.0
233,2081.040283203125,804.38330078125,2256.1591796875,878.96337890625,0.3892469108104706,2.0
233,2511.148681640625,1175.3404541015625,2719.0,1325.601806640625,0.32326212525367737,2.0
233,1055.455322265625,1186.982177734375,1113.2652587890625,1247.693603515625,0.3017507791519165,2.0
234,2083.546142578125,1143.8797607421875,2322.771728515625,1273.095703125,0.7494935989379883,2.0
234,2127.91845703125,927.0869750976562,2335.860595703125,1038.52880859375,0.5010541677474976,2.0
234,1052.7071533203125,1184.5469970703125,1110.099609375,1243.6768798828125,0.32102617621421814,2.0
235,2139.926513671875,1157.9437255859375,2383.39892578125,1283.2117919921875,0.7677251100540161,2.0
235,2032.845458984375,798.2940673828125,2204.691162109375,880.1693115234375,0.4484115242958069,2.0
235,2104.85498046875,921.4014282226562,2305.021484375,1040.2674560546875,0.4376784861087799,2.0
235,360.49725341796875,883.02099609375,816.560791015625,1175.1605224609375,0.3063446581363678,2.0
236,2194.23291015625,1174.4150390625,2446.4443359375,1308.8031005859375,0.6256914734840393,2.0
236,2070.143798828125,918.85595703125,2245.646484375,1012.5326538085938,0.5577309727668762,2.0
237,2261.1884765625,1181.9976806640625,2510.445556640625,1317.962890625,0.7590619325637817,2.0
237,2025.4422607421875,908.8723754882812,2201.8046875,1006.2409057617188,0.6075480580329895,2.0
237,1984.25634765625,793.0186157226562,2152.07177734375,876.2847900390625,0.4787987172603607,2.0
237,1053.8382568359375,1180.2724609375,1113.6439208984375,1244.8389892578125,0.30229827761650085,2.0
238,2319.51025390625,1200.8294677734375,2571.648193359375,1324.299560546875,0.6570088267326355,2.0
238,1986.92138671875,899.7080078125,2167.34814453125,996.498046875,0.6295681595802307,2.0
239,1958.266357421875,892.6481323242188,2134.32861328125,991.1785888671875,0.576257050037384,2.0
239,2387.09521484375,1206.194091796875,2649.6494140625,1342.7906494140625,0.5081903338432312,2.0
240,1917.6529541015625,882.6078491210938,2090.72998046875,980.6588745117188,0.6475839614868164,2.0
240,2440.004638671875,1218.128662109375,2719.0,1384.0496826171875,0.5231156945228577,2.0
240,1901.0235595703125,777.301513671875,2086.978271484375,872.3687744140625,0.40558356046676636,2.0
241,1879.10400390625,879.6837158203125,2061.46826171875,974.0809936523438,0.6578218936920166,2.0
241,1881.6812744140625,774.818115234375,2052.696044921875,870.4363403320312,0.5058064460754395,2.0
241,2336.921875,859.9647827148438,2532.218505859375,948.1947021484375,0.49136975407600403,2.0
241,2529.945068359375,1241.994140625,2719.0,1371.913330078125,0.4448307752609253,2.0
242,1834.164306640625,878.4132080078125,2020.4813232421875,971.4473876953125,0.4841955900192261,2.0
242,2624.35107421875,1256.0438232421875,2719.0,1370.5926513671875,0.418844074010849,2.0
242,1856.349365234375,773.619140625,2029.0103759765625,873.466552734375,0.3928430378437042,2.0
242,2292.2744140625,852.901123046875,2503.03955078125,942.689453125,0.373028427362442,2.0
243,1816.1456298828125,867.7708129882812,1979.8792724609375,958.6813354492188,0.5303612947463989,2.0
243,2282.301025390625,853.0111694335938,2474.46923828125,938.1744384765625,0.4472646117210388,2.0
243,322.4977722167969,490.242919921875,433.6441650390625,576.1989135742188,0.3198411762714386,2.0
244,1769.2125244140625,860.2518310546875,1948.3597412109375,949.2799072265625,0.5664440989494324,2.0
244,2268.004638671875,852.49560546875,2456.194580078125,936.3319091796875,0.34304869174957275,2.0
244,326.6046142578125,497.68817138671875,432.302978515625,579.968505859375,0.3284457325935364,2.0
245,868.904296875,50.004173278808594,927.336181640625,159.80384826660156,0.3475834131240845,0.0
245,1731.892333984375,855.2127075195312,1911.387451171875,935.61474609375,0.5134729146957397,2.0
245,2235.4482421875,844.2486572265625,2419.0087890625,927.0162353515625,0.3657093644142151,2.0
246,866.5968627929688,52.185523986816406,925.0988159179688,163.69044494628906,0.33354446291923523,0.0
246,1704.4442138671875,850.3524780273438,1876.728515625,936.732666015625,0.5138041377067566,2.0
247,866.0996704101562,52.06599807739258,925.6561889648438,164.28736877441406,0.30452749133110046,0.0
247,1677.8521728515625,841.4977416992188,1839.5809326171875,929.9613037109375,0.6316235065460205,2.0
247,2186.68701171875,844.7900390625,2360.315185546875,920.8255615234375,0.3371621370315552,2.0
248,1653.5172119140625,837.2890014648438,1807.8033447265625,916.60498046875,0.5331489443778992,2.0
248,1723.754150390625,749.032470703125,1877.9735107421875,828.4755249023438,0.3646615147590637,2.0
249,1614.3887939453125,833.2454833984375,1771.02734375,920.3826904296875,0.5720722675323486,2.0
249,2140.9296875,837.911865234375,2308.48095703125,911.8792114257812,0.33005961775779724,2.0
250,1578.7816162109375,831.903076171875,1740.1708984375,913.6609497070312,0.5344842672348022,2.0
250,2119.394775390625,838.8046875,2288.83203125,910.9666137695312,0.36312538385391235,2.0
250,1048.9095458984375,1184.9208984375,1110.199462890625,1244.51611328125,0.32159897685050964,2.0
251,1692.3209228515625,747.81396484375,1803.522705078125,819.076171875,0.3300642669200897,1.0
251,1546.8546142578125,816.20361328125,1709.7503662109375,906.12939453125,0.40733760595321655,2.0
251,2091.15478515625,837.5520629882812,2251.0947265625,907.6228637695312,0.3952347934246063,2.0
252,1047.083984375,1180.4368896484375,1106.3638916015625,1242.3408203125,0.3984604775905609,2.0
252,2071.31201171875,837.7437744140625,2235.100830078125,908.4290771484375,0.3804410398006439,2.0
252,1508.38623046875,809.3636474609375,1664.9710693359375,907.2879028320312,0.35272109508514404,2.0
253,2034.1024169921875,820.244873046875,2199.302001953125,904.2427978515625,0.41516533493995667,2.0
253,1474.5419921875,804.0241088867188,1639.1925048828125,897.0202026367188,0.38247451186180115,2.0
254,1044.8975830078125,1188.7081298828125,1105.8638916015625,1251.3985595703125,0.40198394656181335,2.0
254,1450.704833984375,802.1337890625,1608.928955078125,888.7446899414062,0.36527979373931885,2.0
254,1996.7476806640625,824.6123657226562,2167.729736328125,899.0059204101562,0.3456117808818817,2.0
254,325.13250732421875,500.55694580078125,437.3973693847656,579.2341918945312,0.3117814362049103,2.0
255,1986.184326171875,822.8021240234375,2152.369873046875,900.3051147460938,0.44930756092071533,2.0
255,1420.25,795.3828125,1570.3363037109375,887.7992553710938,0.35970526933670044,2.0
256,1047.0823974609375,1194.3297119140625,1102.3701171875,1252.714599609375,0.3530932366847992,2.0
256,1967.0611572265625,824.2949829101562,2126.595458984375,898.998046875,0.32832005620002747,2.0
257,1939.1859130859375,824.4542846679688,2105.30322265625,898.8570556640625,0.4958409368991852,2.0
257,1367.1923828125,787.6177978515625,1514.46142578125,892.7599487304688,0.344698429107666,2.0
258,1914.8115234375,823.2951049804688,2074.3544921875,897.9903564453125,0.32100000977516174,2.0
258,1046.1473388671875,1197.7813720703125,1106.6280517578125,1254.91748046875,0.30102401971817017,2.0
259,1892.826904296875,822.0248413085938,2055.185791015625,897.3807373046875,0.3934785723686218,2.0
260,1863.8519287109375,819.1530151367188,2026.7156982421875,894.0156860351562,0.39086857438087463,2.0
261,1838.344482421875,807.2154541015625,1998.6923828125,894.4556274414062,0.31327661871910095,2.0
262,1704.684326171875,442.7122802734375,1790.68994140625,493.9358825683594,0.3121151030063629,2.0
263,1794.2808837890625,802.306396484375,1944.3314208984375,877.875244140625,0.32374438643455505,2.0
264,1045.526611328125,1193.927490234375,1108.4088134765625,1253.972412109375,0.30811607837677,2.0
