1,629,231,644,260,0.5768621563911438,0
1,780,350,802,389,0.36612439155578613,0
1,557,244,609,300,0.8678135275840759,2
1,505,197,551,243,0.8221452832221985,2
1,635,574,734,724,0.8112987875938416,2
1,674,293,730,343,0.7802829146385193,2
1,279,644,417,757,0.7392366528511047,2
1,533,406,599,487,0.7092788815498352,2
1,757,215,802,249,0.6582350730895996,2
1,804,248,873,290,0.6312282681465149,2
1,733,149,765,182,0.4910598397254944,2
2,627,232,643,262,0.5742310285568237,0
2,779,349,799,390,0.33231067657470703,0
2,555,247,606,302,0.8683194518089294,2
2,504,196,550,244,0.8298050165176392,2
2,673,292,730,341,0.7888063192367554,2
2,636,575,729,700,0.776758074760437,2
2,796,246,870,288,0.6122469902038574,2
2,276,674,409,764,0.5412660241127014,2
2,731,149,767,183,0.39073020219802856,2
2,751,214,804,249,0.3710394501686096,2
2,530,415,601,495,0.3492586314678192,2
3,625,232,641,261,0.3893875777721405,0
3,675,287,729,338,0.8322651982307434,2
3,502,196,550,245,0.8210418224334717,2
3,554,250,605,308,0.7942866683006287,2
3,635,562,729,691,0.7108210921287537,2
3,797,249,868,292,0.6171528697013855,2
3,752,216,804,252,0.48668172955513,2
3,526,433,597,513,0.47312062978744507,2
4,624,234,639,262,0.4886227250099182,0
4,553,253,603,311,0.8365437984466553,2
4,675,286,729,334,0.8269926905632019,2
4,756,217,802,253,0.7436959147453308,2
4,630,552,721,668,0.728723406791687,2
4,798,251,868,293,0.7120036482810974,2
4,519,440,590,523,0.6840933561325073,2
4,500,195,553,246,0.6363196969032288,2
5,623,234,638,261,0.39952969551086426,0
5,546,260,598,320,0.8210763335227966,2
5,675,284,729,331,0.7949780225753784,2
5,632,542,719,663,0.752323567867279,2
5,795,251,870,293,0.7471586465835571,2
5,516,449,588,539,0.6978870630264282,2
5,495,195,543,245,0.6839707493782043,2
5,753,218,804,254,0.6405673623085022,2
5,730,150,767,184,0.3273392915725708,2
6,622,240,638,267,0.5206788778305054,0
6,543,264,599,326,0.8328397870063782,2
6,508,460,582,550,0.8148206472396851,2
6,675,282,729,329,0.7791010141372681,2
6,629,530,720,646,0.706028938293457,2
6,492,195,544,247,0.698043704032898,2
6,794,252,870,293,0.6901797652244568,2
6,754,217,803,255,0.4951845705509186,2
6,731,151,767,185,0.36173921823501587,2
7,621,240,637,267,0.3658778965473175,0
7,616,233,633,262,0.36361920833587646,0
7,939,356,963,393,0.32513371109962463,0
7,541,268,596,329,0.8467830419540405,2
7,674,278,728,324,0.7800655364990234,2
7,632,525,718,640,0.7795632481575012,2
7,795,252,868,295,0.7421697378158569,2
7,506,469,580,566,0.7406660914421082,2
7,490,195,543,246,0.7076517939567566,2
7,754,218,804,255,0.5877693891525269,2
7,732,149,768,185,0.4694894254207611,2
8,616,240,632,269,0.5202928185462952,0
8,502,482,581,580,0.8506812453269958,2
8,539,271,595,329,0.8324940800666809,2
8,791,259,868,298,0.7858378887176514,2
8,634,517,716,635,0.7731035947799683,2
8,673,277,728,324,0.7690927386283875,2
8,755,219,802,256,0.6960684657096863,2
8,490,194,543,247,0.6752423644065857,2
8,733,149,769,185,0.5393232703208923,2
9,615,238,630,270,0.5419216156005859,0
9,455,228,474,262,0.33974286913871765,0
9,536,278,593,342,0.8974456787109375,2
9,496,493,575,594,0.8837734460830688,2
9,790,260,868,299,0.781416654586792,2
9,672,276,729,323,0.7499385476112366,2
9,634,504,717,617,0.7175898551940918,2
9,492,195,543,248,0.6917497515678406,2
9,754,218,805,257,0.5690068006515503,2
9,730,148,770,186,0.47694826126098633,2
10,614,239,630,271,0.6503073573112488,0
10,454,238,472,267,0.417866975069046,0
10,620,242,638,274,0.31806057691574097,0
10,535,283,591,345,0.9059715867042542,2
10,489,502,573,614,0.8883419036865234,2
10,673,274,729,320,0.8111866116523743,2
10,788,260,867,300,0.7750235795974731,2
10,635,498,717,610,0.7459127902984619,2
10,492,208,542,251,0.6646865606307983,2
10,754,219,805,258,0.6117541790008545,2
10,733,150,770,185,0.5347751379013062,2
11,612,238,628,271,0.6092355847358704,0
11,1304,696,1342,731,0.329104483127594,0
11,419,319,438,349,0.3113963305950165,0
11,532,288,587,351,0.8996806740760803,2
11,482,511,571,630,0.8360340595245361,2
11,788,261,866,301,0.7943124771118164,2
11,674,270,729,317,0.7427784204483032,2
11,491,209,543,251,0.6771422028541565,2
11,636,489,717,604,0.6454367637634277,2
11,758,224,815,260,0.5376514196395874,2
11,680,281,756,332,0.4690970480442047,2
11,730,151,767,185,0.40034201741218567,2
12,610,240,626,273,0.7296496033668518,0
12,532,293,586,354,0.8767200708389282,2
12,673,269,726,316,0.8601919412612915,2
12,788,261,867,301,0.7845070958137512,2
12,480,521,569,649,0.7658365368843079,2
12,491,211,541,252,0.7015811800956726,2
12,758,222,804,260,0.679252564907074,2
12,634,483,717,586,0.66056227684021,2
12,730,152,766,184,0.36296871304512024,2
12,881,211,928,248,0.31673505902290344,2
13,608,240,624,273,0.7260538935661316,0
13,449,230,471,264,0.31961363554000854,0
13,673,267,725,314,0.8922286629676819,2
13,529,296,583,357,0.8785544037818909,2
13,474,536,563,666,0.8308005928993225,2
13,787,263,866,303,0.8044819831848145,2
13,635,476,716,581,0.7540431618690491,2
13,490,212,541,253,0.6912932395935059,2
13,758,227,814,262,0.6455144286155701,2
13,881,212,928,248,0.45105716586112976,2
13,730,152,766,185,0.40003833174705505,2
14,607,242,624,273,0.7296680808067322,0
14,450,238,468,269,0.3169022798538208,0
14,622,251,641,282,0.30138081312179565,0
14,527,303,581,368,0.8909457325935364,2
14,674,265,725,311,0.8779959082603455,2
14,469,551,558,675,0.8395100235939026,2
14,787,264,866,303,0.8133381605148315,2
14,635,470,714,572,0.8019532561302185,2
14,490,209,540,255,0.7817541360855103,2
14,757,227,814,262,0.6229913830757141,2
14,733,153,768,185,0.49904778599739075,2
14,882,212,929,247,0.34144067764282227,2
15,604,241,621,276,0.6178939938545227,0
15,670,470,708,533,0.3218446969985962,0
15,672,264,724,308,0.8883933424949646,2
15,525,309,581,378,0.8881890773773193,2
15,460,570,553,703,0.8245131969451904,2
15,490,210,540,255,0.8167082667350769,2
15,787,265,866,305,0.7808457016944885,2
15,755,225,807,261,0.7374247908592224,2
15,633,461,714,558,0.683091402053833,2
15,730,153,767,184,0.3733576834201813,2
16,603,244,619,277,0.7795263528823853,0
16,672,262,726,306,0.8415591716766357,2
16,522,314,580,383,0.8298721313476562,2
16,453,585,548,722,0.7944734692573547,2
16,490,209,541,256,0.7943214178085327,2
16,787,265,866,306,0.7564477920532227,2
16,758,228,812,264,0.7426953911781311,2
16,629,457,711,557,0.6169281005859375,2
16,731,152,768,186,0.44969603419303894,2
17,600,245,616,278,0.6708823442459106,0
17,448,242,467,273,0.37196770310401917,0
17,671,258,725,303,0.8534868955612183,2
17,515,319,574,386,0.8294151425361633,2
17,635,450,709,544,0.8185418844223022,2
17,490,210,539,257,0.8176507949829102,2
17,786,267,866,309,0.7998703718185425,2
17,448,601,544,741,0.7573767900466919,2
17,758,228,813,265,0.7028763890266418,2
17,731,153,768,186,0.41967251896858215,2
18,598,243,614,278,0.5977274179458618,0
18,677,452,705,502,0.3410627245903015,0
18,511,328,573,398,0.8838770389556885,2
18,786,267,865,310,0.8300966620445251,2
18,488,211,539,257,0.781599223613739,2
18,442,625,541,750,0.7789490222930908,2
18,671,258,727,301,0.7787009477615356,2
18,757,228,816,265,0.7227343320846558,2
18,629,446,707,537,0.6356388926506042,2
18,878,214,930,251,0.3488501012325287,2
18,731,152,768,186,0.3337283432483673,2
19,597,245,612,280,0.5757885575294495,0
19,676,447,706,500,0.4068450629711151,0
19,508,334,570,407,0.8781179785728455,2
19,786,268,866,311,0.8279900550842285,2
19,488,212,539,258,0.8170377016067505,2
19,670,258,726,300,0.721004843711853,2
19,445,644,535,756,0.711953341960907,2
19,758,226,813,266,0.6031376719474792,2
19,627,440,706,527,0.5273782014846802,2
20,596,247,611,282,0.6562079191207886,0
20,503,340,566,413,0.8831579089164734,2
20,488,210,538,259,0.8289043307304382,2
20,785,269,866,313,0.8022654056549072,2
20,669,256,728,294,0.6742233037948608,2
20,443,662,533,764,0.625090479850769,2
20,759,227,814,266,0.587533175945282,2
20,623,427,706,521,0.51007479429245,2
21,595,250,610,283,0.6398687362670898,0
21,487,212,537,261,0.8697754740715027,2
21,500,346,562,423,0.8696689009666443,2
21,783,270,867,315,0.8111575245857239,2
21,671,255,729,293,0.7591429948806763,2
21,438,686,524,764,0.6451511979103088,2
21,630,431,708,515,0.6320160627365112,2
21,758,228,814,267,0.5168737769126892,2
22,594,248,610,280,0.5684021711349487,0
22,678,428,703,473,0.4502410888671875,0
22,492,719,524,764,0.30399051308631897,0
22,628,433,705,503,0.41141414642333984,1
22,500,355,560,432,0.8437718152999878,2
22,782,271,867,315,0.8367249965667725,2
22,486,211,537,261,0.8264475464820862,2
22,671,253,726,292,0.8163594603538513,2
22,759,228,813,267,0.6153573393821716,2
22,885,214,934,255,0.45159807801246643,2
22,623,418,706,506,0.34904688596725464,2
23,591,247,606,282,0.5129320025444031,0
23,678,425,703,471,0.42434826493263245,0
23,630,426,659,474,0.30052897334098816,0
23,627,429,709,499,0.40377748012542725,1
23,485,212,536,262,0.8344913721084595,2
23,781,272,868,318,0.8234440684318542,2
23,496,362,556,438,0.796855628490448,2
23,670,251,730,292,0.7224052548408508,2
23,760,228,811,267,0.5094446539878845,2
24,589,247,605,283,0.5808697938919067,0
24,629,419,656,469,0.3736603856086731,0
24,629,417,701,491,0.48455944657325745,1
24,781,273,867,319,0.852532684803009,2
24,484,213,535,263,0.8453450202941895,2
24,672,248,729,289,0.8021957278251648,2
24,484,369,552,451,0.7639293670654297,2
24,760,228,812,267,0.4304932653903961,2
25,587,250,603,283,0.5631722211837769,0
25,444,245,464,281,0.35080423951148987,0
25,485,213,534,263,0.8646392226219177,2
25,482,377,548,462,0.8408986330032349,2
25,672,248,727,288,0.8287227749824524,2
25,781,274,869,321,0.8196461200714111,2
25,760,229,812,268,0.47931960225105286,2
25,636,411,702,481,0.397100031375885,2
26,584,246,601,281,0.504497766494751,0
26,475,387,546,470,0.8519403338432312,2
26,483,214,534,264,0.8350635766983032,2
26,780,275,867,321,0.8202178478240967,2
26,670,248,727,287,0.812675416469574,2
26,762,235,813,273,0.4931795299053192,2
27,583,249,599,283,0.5411788821220398,0
27,1132,611,1188,645,0.3419816493988037,1
27,472,393,540,481,0.863479495048523,2
27,779,275,867,322,0.8597856760025024,2
27,482,216,533,266,0.7471787333488464,2
27,669,247,724,285,0.7096794247627258,2
27,761,236,815,274,0.5423794388771057,2
27,631,404,708,470,0.3509356379508972,2
28,581,250,598,287,0.5510095953941345,0
28,440,250,460,282,0.30815091729164124,0
28,631,396,704,463,0.330440491437912,1
28,470,403,536,495,0.8689824342727661,2
28,777,275,866,322,0.8445402383804321,2
28,483,217,534,267,0.828837513923645,2
28,669,243,725,282,0.6877902746200562,2
28,760,236,814,274,0.5727980732917786,2
28,671,615,766,752,0.4732672870159149,2
29,578,251,596,288,0.5871593356132507,0
29,1040,417,1065,456,0.35002565383911133,0
29,633,392,698,451,0.34937188029289246,1
29,481,219,533,267,0.8680487275123596,2
29,465,411,535,501,0.8362940549850464,2
29,776,277,864,324,0.8258152604103088,2
29,670,239,723,279,0.7008798122406006,2
29,673,606,762,741,0.5286273956298828,2
29,760,236,813,275,0.5190227031707764,2
30,577,254,593,287,0.518200159072876,0
30,1043,418,1068,459,0.34071314334869385,0
30,631,387,707,446,0.4387396275997162,1
30,481,218,533,267,0.8521542549133301,2
30,455,423,527,518,0.8447924256324768,2
30,780,282,865,328,0.8146679997444153,2
30,761,237,814,276,0.59620600938797,2
30,672,593,764,749,0.5816503763198853,2
30,669,237,723,276,0.5703170895576477,2
31,574,253,591,286,0.6196193695068359,0
31,439,249,459,285,0.36661767959594727,0
31,506,141,524,170,0.3224756717681885,0
31,627,383,706,441,0.3216792941093445,1
31,449,434,526,527,0.8579421639442444,2
31,479,216,533,268,0.8211972713470459,2
31,779,282,865,330,0.7692297101020813,2
31,672,582,764,730,0.6352477669715881,2
31,670,232,723,275,0.559440016746521,2
31,761,238,813,276,0.4959954619407654,2
32,572,252,589,288,0.6294158697128296,0
32,632,374,660,425,0.3679961562156677,0
32,438,252,459,287,0.3297518491744995,0
32,443,442,523,542,0.8648773431777954,2
32,477,218,532,270,0.8011951446533203,2
32,781,283,866,330,0.7817175388336182,2
32,670,227,719,270,0.6424148678779602,2
32,762,238,813,276,0.5529654622077942,2
32,662,549,767,724,0.5497007966041565,2
33,570,255,587,290,0.5721992254257202,0
33,439,458,516,555,0.8665239810943604,2
33,475,218,532,270,0.8229318261146545,2
33,781,283,867,331,0.770959198474884,2
33,670,226,719,270,0.7536094784736633,2
33,665,551,763,711,0.6286917328834534,2
33,761,239,814,278,0.5535648465156555,2
33,898,222,944,265,0.32664331793785095,2
34,569,252,585,287,0.5706251859664917,0
34,750,330,774,369,0.3392353355884552,0
34,431,466,515,570,0.8673350214958191,2
34,478,220,531,270,0.8459275960922241,2
34,780,284,866,332,0.8091296553611755,2
34,670,224,720,267,0.7941995859146118,2
34,666,539,762,686,0.6262167692184448,2
34,762,238,812,278,0.49370914697647095,2
34,899,220,943,264,0.39868074655532837,2
34,725,157,771,192,0.3451373279094696,2
35,567,253,584,289,0.5329052805900574,0
35,989,429,1019,465,0.4505927860736847,0
35,748,327,772,367,0.31987622380256653,0
35,633,362,698,413,0.4111684262752533,1
35,424,481,507,585,0.8481184840202332,2
35,476,220,530,271,0.8369612097740173,2
35,669,226,721,265,0.7110748291015625,2
35,778,286,866,335,0.7110139727592468,2
35,666,533,763,675,0.6330894231796265,2
35,761,240,813,279,0.4213111102581024,2
36,564,254,580,290,0.5006857514381409,0
36,747,327,771,366,0.32312873005867004,0
36,417,493,503,602,0.8701783418655396,2
36,476,220,530,272,0.8413870334625244,2
36,780,287,864,334,0.7987866401672363,2
36,668,224,721,263,0.7928023338317871,2
36,761,240,812,279,0.5707697868347168,2
36,667,527,762,667,0.4583103060722351,2
36,634,359,701,413,0.4550483822822571,2
36,725,158,771,192,0.36793437600135803,2
36,898,223,945,266,0.3301735520362854,2
37,562,254,579,290,0.6183293461799622,0
37,737,323,767,365,0.41082921624183655,0
37,629,356,700,413,0.39886754751205444,1
37,408,511,503,623,0.8560869097709656,2
37,476,220,530,272,0.8434375524520874,2
37,780,288,866,336,0.7371343970298767,2
37,668,223,721,261,0.7185478210449219,2
37,657,510,758,653,0.5758949518203735,2
37,762,239,810,279,0.5277654528617859,2
38,560,254,577,291,0.6564515233039856,0
38,738,322,765,365,0.470144659280777,0
38,255,306,276,337,0.32769545912742615,0
38,626,349,698,406,0.3603750765323639,1
38,399,522,496,636,0.8736496567726135,2
38,475,221,528,272,0.8153589963912964,2
38,667,221,722,258,0.6525534391403198,2
38,779,289,866,337,0.6525512337684631,2
38,661,509,751,637,0.5698899030685425,2
38,723,157,771,192,0.3557605445384979,2
39,559,256,576,291,0.6349200010299683,0
39,738,320,762,364,0.4404277205467224,0
39,754,240,806,282,0.3034459054470062,1
39,390,537,482,658,0.8661788702011108,2
39,474,219,528,273,0.8076909780502319,2
39,667,219,722,257,0.7155593633651733,2
39,780,290,867,339,0.6833850741386414,2
39,659,493,751,625,0.6437355279922485,2
39,725,158,774,191,0.4197341799736023,2
39,898,224,945,269,0.3796735405921936,2
39,762,240,813,281,0.33180058002471924,2
40,556,254,574,291,0.544525146484375,0
40,737,320,762,363,0.46215492486953735,0
40,502,143,520,172,0.30978256464004517,0
40,382,551,480,681,0.8619102835655212,2
40,474,220,527,272,0.824145495891571,2
40,781,290,867,339,0.7270093560218811,2
40,667,216,721,255,0.7051639556884766,2
40,659,491,748,614,0.6426452994346619,2
40,761,241,812,281,0.5063992738723755,2
40,726,157,773,192,0.43971943855285645,2
40,898,224,946,270,0.41621360182762146,2
41,738,317,761,360,0.6929433941841125,0
41,552,256,570,290,0.6555456519126892,0
41,629,339,691,385,0.3560017943382263,1
41,374,571,478,706,0.8273727297782898,2
41,473,221,527,273,0.7944846153259277,2
41,781,290,868,340,0.7469766139984131,2
41,666,214,719,252,0.7327110767364502,2
41,760,241,812,281,0.6284621953964233,2
41,657,489,744,604,0.6080880165100098,2
41,898,224,947,270,0.42290225625038147,2
41,726,157,774,192,0.4121132791042328,2
42,551,257,568,290,0.6707180142402649,0
42,737,316,761,359,0.613054633140564,0
42,258,319,276,349,0.35351666808128357,0
42,632,335,693,383,0.3085455298423767,1
42,474,220,527,273,0.8097103238105774,2
42,780,291,868,341,0.7661994695663452,2
42,361,586,464,734,0.7634035348892212,2
42,666,213,718,250,0.7158311605453491,2
42,761,240,811,281,0.6003772616386414,2
42,727,158,774,192,0.4346510171890259,2
42,656,471,746,587,0.37548404932022095,2
42,897,225,946,270,0.35649728775024414,2
43,549,256,568,293,0.6231332421302795,0
43,736,316,759,358,0.577783465385437,0
43,1003,454,1028,491,0.30717745423316956,0
43,472,220,527,273,0.7925846576690674,2
43,355,610,458,761,0.7848851680755615,2
43,780,292,869,342,0.7645331025123596,2
43,667,211,718,247,0.7160512804985046,2
43,761,242,811,282,0.5429018139839172,2
43,895,226,947,270,0.39391785860061646,2
43,653,462,742,578,0.38558530807495117,2
43,725,151,774,190,0.3625917136669159,2
44,547,260,566,298,0.646335780620575,0
44,1007,459,1035,497,0.4451771378517151,0
44,736,315,760,357,0.42406097054481506,0
44,230,315,254,350,0.33372506499290466,0
44,472,221,527,273,0.7826011776924133,2
44,782,293,868,342,0.7803703546524048,2
44,664,210,719,246,0.7426219582557678,2
44,752,240,809,282,0.5864589214324951,2
44,896,227,947,270,0.432000994682312,2
44,360,629,450,747,0.430525004863739,2
44,726,156,776,193,0.40104401111602783,2
44,631,322,687,374,0.3539190888404846,2
44,612,148,655,185,0.3200065791606903,2
44,654,459,742,566,0.3189709782600403,2
45,546,260,565,299,0.6610411405563354,0
45,1008,462,1037,496,0.46185001730918884,0
45,228,319,252,351,0.327854186296463,0
45,473,222,526,274,0.7660335898399353,2
45,783,295,868,343,0.7388848662376404,2
45,664,209,719,245,0.7024927139282227,2
45,760,244,812,285,0.6397572159767151,2
45,613,148,654,185,0.442180871963501,2
45,898,227,948,270,0.4417145848274231,2
45,728,156,776,194,0.4136298596858978,2
46,544,262,563,298,0.6686047911643982,0
46,538,264,555,297,0.31439679861068726,0
46,462,219,522,272,0.7871929407119751,2
46,782,295,868,343,0.7791663408279419,2
46,665,209,718,244,0.7349115610122681,2
46,761,244,811,286,0.6906357407569885,2
46,632,318,687,364,0.5711811780929565,2
46,612,151,653,186,0.463337779045105,2
46,728,155,777,194,0.4385165870189667,2
46,899,226,949,271,0.36183589696884155,2
46,657,447,740,545,0.33963480591773987,2
47,542,262,560,298,0.6532681584358215,0
47,783,294,869,344,0.7810776829719543,2
47,463,218,522,273,0.7734547853469849,2
47,634,316,690,360,0.7439101934432983,2
47,664,209,720,244,0.6828681826591492,2
47,760,243,813,287,0.653328001499176,2
47,611,152,652,187,0.4910980761051178,2
47,657,449,733,535,0.40191909670829773,2
47,727,156,776,194,0.38351303339004517,2
48,542,262,558,299,0.5342552065849304,0
48,533,256,552,293,0.3330153524875641,0
48,464,219,522,274,0.7622780799865723,2
48,784,295,868,345,0.7539294362068176,2
48,635,314,693,356,0.733680248260498,2
48,665,203,717,240,0.6776438355445862,2
48,761,243,813,287,0.665493905544281,2
48,611,152,651,187,0.41818493604660034,2
48,727,155,776,194,0.4034986197948456,2
49,536,263,554,298,0.6530606150627136,0
49,782,296,869,346,0.7876436114311218,2
49,465,219,521,274,0.7322526574134827,2
49,664,203,717,239,0.6828246712684631,2
49,634,314,696,354,0.651559054851532,2
49,611,153,649,187,0.5649336576461792,2
49,762,244,817,288,0.5145419836044312,2
49,727,156,776,193,0.43483439087867737,2
49,661,435,730,518,0.4146915674209595,2
49,901,226,949,270,0.31980404257774353,2
50,535,263,553,298,0.6532303690910339,0
50,203,335,231,369,0.41282764077186584,0
50,968,307,992,342,0.38548073172569275,0
50,1017,479,1044,517,0.3395894169807434,0
50,227,344,247,377,0.3141708970069885,0
50,464,216,520,275,0.7423997521400452,2
50,784,298,868,346,0.7314524054527283,2
50,634,310,702,354,0.49581560492515564,2
50,763,244,817,288,0.4788030683994293,2
50,662,202,718,237,0.41108787059783936,2
50,726,149,775,191,0.3614840507507324,2
50,593,152,648,186,0.354839563369751,2
50,658,432,725,506,0.32497021555900574,2
51,532,263,550,299,0.5405831933021545,0
51,969,307,992,343,0.40337127447128296,0
51,207,341,239,377,0.33278873562812805,0
51,764,246,825,292,0.3234305679798126,1
51,783,297,870,346,0.7489307522773743,2
51,464,216,521,276,0.7435248494148254,2
51,597,152,649,188,0.45773687958717346,2
51,727,155,774,194,0.3404977321624756,2
51,634,309,703,354,0.33991584181785583,2
52,529,263,548,300,0.5842345952987671,0
52,1021,485,1048,519,0.5297898650169373,0
52,971,309,994,342,0.4133546054363251,0
52,206,343,234,381,0.37226322293281555,0
52,763,247,820,292,0.3039592504501343,1
52,463,218,522,276,0.6894104480743408,2
52,785,299,868,348,0.6030387282371521,2
52,657,419,725,490,0.5404737591743469,2
52,632,300,693,345,0.44242697954177856,2
52,725,148,771,191,0.31199774146080017,2
52,903,234,951,274,0.3119247555732727,2
52,611,157,649,193,0.3080854117870331,2
53,527,265,546,301,0.652140200138092,0
53,969,310,993,344,0.4171697199344635,0
53,764,246,818,293,0.3150901794433594,1
53,461,215,522,279,0.694175660610199,2
53,783,299,869,348,0.5470287203788757,2
53,658,416,719,483,0.4732368588447571,2
53,596,152,647,188,0.3587671220302582,2
53,635,297,697,341,0.34297099709510803,2
53,903,234,950,274,0.30897146463394165,2
54,524,264,544,303,0.6349413990974426,0
54,188,348,217,389,0.37638232111930847,0
54,200,358,226,393,0.3530627489089966,0
54,764,246,819,294,0.3580651581287384,1
54,459,214,521,280,0.7068089842796326,2
54,782,300,868,349,0.5856655240058899,2
54,657,410,718,477,0.505493700504303,2
55,523,265,542,304,0.651191771030426,0
55,181,354,213,393,0.3794223964214325,0
55,187,446,214,487,0.3608441650867462,0
55,200,361,223,396,0.33740636706352234,0
55,733,291,755,330,0.31233274936676025,0
55,765,248,824,295,0.3624441921710968,1
55,464,227,519,282,0.7472162246704102,2
55,783,300,870,348,0.606571614742279,2
55,636,292,699,333,0.3304590582847595,2
56,522,266,541,303,0.6479763984680176,0
56,176,357,207,394,0.4415457844734192,0
56,732,291,755,329,0.351343035697937,0
56,179,447,208,488,0.3014712929725647,0
56,763,250,820,295,0.3996645212173462,1
56,465,230,518,283,0.8041433691978455,2
56,783,302,868,349,0.7237625122070312,2
56,656,398,718,462,0.7173951864242554,2
56,902,235,952,275,0.45939478278160095,2
56,636,290,700,330,0.41188642382621765,2
56,594,161,644,193,0.3090049624443054,2
57,519,265,538,303,0.652096152305603,0
57,732,291,755,328,0.3614998459815979,0
57,175,360,202,395,0.3444942533969879,0
57,1030,503,1055,544,0.3417569398880005,0
57,763,249,821,295,0.3465586006641388,1
57,463,230,518,284,0.8035186529159546,2
57,782,302,868,349,0.7236146926879883,2
57,655,391,716,456,0.7134541273117065,2
57,900,235,953,275,0.4208510220050812,2
57,594,161,645,195,0.30461838841438293,2
58,518,267,536,305,0.6382550001144409,0
58,175,449,202,494,0.35551929473876953,0
58,1034,506,1061,544,0.32452213764190674,0
58,178,367,207,408,0.3151041865348816,0
58,763,249,818,295,0.3229011297225952,1
58,461,229,517,285,0.7905423045158386,2
58,782,302,868,349,0.7094011306762695,2
58,655,386,714,449,0.6725423336029053,2
58,904,236,954,276,0.4825417995452881,2
59,516,269,535,306,0.5802161693572998,0
59,1167,535,1198,577,0.39808186888694763,0
59,174,453,199,498,0.39140427112579346,0
59,173,377,202,418,0.38508734107017517,0
59,1144,523,1176,567,0.30920839309692383,0
59,162,368,193,411,0.30250170826911926,0
59,460,231,517,286,0.798852801322937,2
59,784,302,870,350,0.7575250864028931,2
59,656,381,714,442,0.7278802990913391,2
59,906,235,955,276,0.41244447231292725,2
59,597,166,643,198,0.3794979155063629,2
60,516,267,533,304,0.40783974528312683,0
60,769,261,819,298,0.4159305989742279,1
60,461,233,517,287,0.8246444463729858,2
60,781,306,867,357,0.7788184285163879,2
60,656,377,716,434,0.6963573098182678,2
60,909,238,955,277,0.44249460101127625,2
60,593,168,643,201,0.32551664113998413,2
61,511,271,528,309,0.5135966539382935,0
61,1042,512,1069,548,0.3597185015678406,0
61,153,375,186,418,0.35087212920188904,0
61,766,259,823,299,0.4069444239139557,1
61,461,234,517,288,0.8834227919578552,2
61,780,307,866,357,0.7712202668190002,2
61,655,373,719,430,0.6338898539543152,2
61,910,238,955,279,0.4522711932659149,2
61,596,171,643,205,0.4298860728740692,2
62,509,272,527,311,0.5721709132194519,0
62,1168,542,1199,578,0.3000848591327667,0
62,460,234,516,289,0.8614344000816345,2
62,778,307,866,358,0.7461392879486084,2
62,655,369,717,425,0.5674503445625305,2
62,908,238,957,281,0.5336990356445312,2
62,593,175,645,207,0.40650901198387146,2
62,764,250,822,298,0.3988364040851593,2
63,505,270,525,310,0.4446401596069336,0
63,1173,547,1204,591,0.34389224648475647,0
63,154,388,182,435,0.33017173409461975,0
63,1040,530,1071,572,0.3294171988964081,0
63,458,233,517,291,0.8008215427398682,2
63,779,307,868,360,0.5861150622367859,2
63,908,237,956,281,0.5528659820556641,2
63,655,364,713,419,0.5378074049949646,2
63,595,175,644,209,0.38792407512664795,2
63,640,267,697,308,0.33666399121284485,2
64,1171,549,1205,592,0.5123314261436462,0
64,501,272,521,312,0.4460393488407135,0
64,1219,549,1247,595,0.4119578003883362,0
64,765,262,821,299,0.379183292388916,1
64,457,233,516,292,0.8613855838775635,2
64,779,311,867,362,0.751847505569458,2
64,655,358,713,413,0.7383785247802734,2
64,906,239,955,282,0.5930230021476746,2
64,598,177,645,211,0.528587818145752,2
64,638,267,697,305,0.3379485011100769,2
65,498,272,519,312,0.3922707736492157,0
65,1218,555,1250,603,0.3737984895706177,0
65,1043,538,1072,576,0.31621822714805603,0
65,457,235,516,293,0.8916120529174805,2
65,778,312,868,364,0.7807984948158264,2
65,655,352,711,406,0.6687042713165283,2
65,595,177,646,214,0.42348620295524597,2
65,907,241,958,283,0.4117130637168884,2
65,766,259,823,300,0.3727978467941284,2
66,495,268,518,313,0.3433157503604889,0
66,978,325,1002,370,0.3414783477783203,0
66,456,234,516,294,0.8882138133049011,2
66,777,313,867,366,0.7671293616294861,2
66,655,347,716,407,0.6016618013381958,2
66,906,238,958,283,0.508655846118927,2
66,594,181,645,221,0.4165503680706024,2
66,764,259,825,300,0.3601763844490051,2
67,1227,562,1259,608,0.5357027053833008,0
67,492,265,516,314,0.46632903814315796,0
67,456,234,517,297,0.866067111492157,2
67,777,316,866,368,0.7622608542442322,2
67,656,346,712,401,0.6886237859725952,2
67,596,184,644,220,0.5102521181106567,2
67,906,237,958,283,0.4945635199546814,2
68,493,267,515,315,0.5404889583587646,0
68,1226,564,1257,607,0.44745007157325745,0
68,456,235,517,297,0.8770713806152344,2
68,777,318,866,370,0.751007080078125,2
68,655,343,712,395,0.5759974122047424,2
68,595,185,645,222,0.5696778297424316,2
68,904,239,959,284,0.522843062877655,2
68,767,261,826,300,0.3854859173297882,2
69,493,276,513,318,0.4807411730289459,0
69,985,326,1007,370,0.35301971435546875,0
69,1227,571,1259,621,0.3092855215072632,0
69,455,239,514,296,0.89548659324646,2
69,775,318,869,371,0.8427051901817322,2
69,655,337,714,390,0.7596784234046936,2
69,597,186,646,223,0.6481810212135315,2
69,767,263,831,301,0.48792386054992676,2
69,905,241,959,286,0.4294081926345825,2
70,489,275,511,319,0.42817819118499756,0
70,986,327,1008,371,0.3308446407318115,0
70,454,239,514,299,0.8992982506752014,2
70,775,319,869,371,0.8628069758415222,2
70,654,332,715,385,0.834557831287384,2
70,597,189,647,226,0.5976455807685852,2
70,908,244,962,287,0.5083069205284119,2
70,768,260,834,303,0.4783558249473572,2
71,488,274,510,321,0.5158219933509827,0
71,452,239,513,300,0.8655696511268616,2
71,774,320,866,373,0.8389572501182556,2
71,654,327,711,379,0.764167845249176,2
71,907,242,962,286,0.7041457891464233,2
71,595,190,645,229,0.6449206471443176,2
71,767,262,837,304,0.37114372849464417,2
72,1190,575,1224,622,0.4823344647884369,0
72,487,273,509,319,0.4562928378582001,0
72,1230,579,1262,625,0.35062068700790405,0
72,452,241,514,302,0.8688740730285645,2
72,774,322,868,374,0.8514539003372192,2
72,653,323,713,378,0.8197823166847229,2
72,597,192,645,232,0.712105393409729,2
72,909,243,963,287,0.6434891223907471,2
72,765,260,828,304,0.37424564361572266,2
73,1064,576,1094,621,0.3944913148880005,0
73,486,270,508,319,0.34654587507247925,0
73,467,258,507,310,0.33032044768333435,0
73,1195,576,1228,620,0.30942845344543457,0
73,453,239,512,303,0.8413764834403992,2
73,775,324,865,375,0.8376996517181396,2
73,653,320,712,373,0.769066333770752,2
73,594,195,645,234,0.5802032947540283,2
73,907,245,964,288,0.5564520955085754,2
73,765,264,826,304,0.4730735719203949,2
74,470,264,506,315,0.5903149247169495,0
74,482,287,502,322,0.39938586950302124,0
74,728,272,752,311,0.38212278485298157,0
74,451,239,512,304,0.8180118799209595,2
74,774,324,867,377,0.7306607365608215,2
74,653,317,711,368,0.6190565228462219,2
74,592,195,643,237,0.3708568811416626,2
74,766,263,828,305,0.3621424436569214,2
75,471,264,506,316,0.5762925744056702,0
75,1253,589,1282,631,0.43160584568977356,0
75,483,286,503,323,0.38635313510894775,0
75,992,335,1018,387,0.3772584795951843,0
75,729,272,753,310,0.348492294549942,0
75,452,240,514,302,0.8202939033508301,2
75,774,324,869,377,0.7909213900566101,2
75,655,313,712,364,0.7534651160240173,2
75,595,196,645,238,0.472511351108551,2
75,766,264,826,305,0.3371983766555786,2
76,483,286,503,324,0.4078407883644104,0
76,1257,592,1287,631,0.34789928793907166,0
76,995,339,1021,389,0.3056124448776245,0
76,456,241,518,300,0.8899162411689758,2
76,776,325,870,378,0.7849534749984741,2
76,659,308,713,359,0.7749877572059631,2
76,597,199,646,243,0.5180524587631226,2
76,745,165,788,203,0.35745686292648315,2
76,921,245,974,293,0.3548157513141632,2
77,483,287,503,325,0.5291199684143066,0
77,997,339,1024,391,0.43780243396759033,0
77,456,237,519,301,0.8720041513442993,2
77,661,307,722,358,0.6775062084197998,2
77,777,327,870,378,0.66548091173172,2
77,464,260,512,311,0.4153827428817749,2
78,998,339,1026,391,0.525636613368988,0
78,480,286,502,326,0.5250818729400635,0
78,784,266,816,307,0.43452176451683044,0
78,1087,607,1119,650,0.3370194137096405,0
78,455,240,517,302,0.8782772421836853,2
78,774,327,871,379,0.5624768733978271,2
79,999,339,1028,393,0.566343367099762,0
79,477,285,499,326,0.5037118196487427,0
79,781,268,815,309,0.3546503782272339,0
79,1216,594,1254,649,0.3162212073802948,0
79,452,243,515,304,0.7570009827613831,2
79,777,329,864,387,0.5658739805221558,2
79,462,262,506,315,0.33298131823539734,2
80,474,290,496,333,0.6136971116065979,0
80,1001,339,1028,393,0.42854043841362,0
80,453,242,514,304,0.8252217769622803,2
80,778,330,863,388,0.6017850041389465,2
80,659,291,711,344,0.38435977697372437,2
81,472,290,494,332,0.5746798515319824,0
81,1001,341,1028,398,0.47869396209716797,0
81,451,241,514,303,0.7789782285690308,2
81,658,290,713,341,0.6165696382522583,2
81,776,332,862,387,0.5689199566841125,2
82,470,289,492,333,0.6777907013893127,0
82,1001,342,1029,403,0.5066055655479431,0
82,451,243,514,304,0.7351922392845154,2
82,774,334,863,390,0.44770658016204834,2
82,661,286,714,336,0.43188971281051636,2
82,583,222,644,267,0.41319990158081055,2
83,467,288,491,335,0.6045069694519043,0
83,1002,342,1029,400,0.4350515902042389,0
83,453,253,509,314,0.7406255006790161,2
83,658,280,711,333,0.6155456304550171,2
83,584,223,640,269,0.5860819816589355,2
83,773,336,864,393,0.5356063842773438,2
84,467,292,489,335,0.6640161871910095,0
84,1003,341,1029,401,0.4729715883731842,0
84,450,254,507,311,0.7289711833000183,2
84,587,225,639,271,0.7009453773498535,2
84,657,277,715,326,0.6018355488777161,2
84,770,339,864,395,0.5725519061088562,2
84,748,172,787,208,0.3535405099391937,2
84,924,252,976,297,0.31828683614730835,2
85,463,287,488,335,0.6315043568611145,0
85,1002,342,1030,404,0.5065937638282776,0
85,587,230,638,275,0.637239933013916,2
85,658,274,716,326,0.38682201504707336,2
85,452,261,505,320,0.3766869306564331,2
85,765,337,865,399,0.36000725626945496,2
85,443,241,510,304,0.3146597146987915,2
86,462,291,486,336,0.5786386728286743,0
86,1003,345,1030,405,0.45077624917030334,0
86,468,270,501,319,0.4307132661342621,0
86,587,231,635,278,0.7325045466423035,2
86,768,341,865,401,0.5100542306900024,2
86,748,171,788,209,0.4781455993652344,2
86,927,258,981,301,0.37590309977531433,2
86,783,268,859,325,0.3055053949356079,2
87,460,294,484,337,0.5080615282058716,0
87,1004,345,1030,403,0.42197155952453613,0
87,1240,627,1277,680,0.36195600032806396,0
87,447,254,507,313,0.7800500988960266,2
87,588,233,634,279,0.7489925026893616,2
87,764,343,864,402,0.6456465125083923,2
87,748,173,788,209,0.5511190295219421,2
87,928,257,980,301,0.44851091504096985,2
87,657,269,712,321,0.37614431977272034,2
87,676,165,716,197,0.3280504643917084,2
88,456,303,477,341,0.4179988205432892,0
88,1004,346,1030,403,0.36810508370399475,0
88,586,234,632,282,0.844678521156311,2
88,447,256,506,313,0.7267872095108032,2
88,763,344,863,401,0.7012145519256592,2
88,748,174,788,209,0.6103489398956299,2
88,657,265,711,317,0.5373827815055847,2
88,928,257,980,301,0.486327201128006,2
88,678,166,716,196,0.4081037640571594,2
89,454,297,477,340,0.4113563001155853,0
89,467,268,503,319,0.37981289625167847,0
89,1010,348,1035,403,0.30043119192123413,0
89,584,238,632,287,0.8004855513572693,2
89,928,257,982,301,0.4792099893093109,2
89,749,174,787,210,0.44014638662338257,2
89,764,345,862,404,0.4109143912792206,2
90,452,301,474,342,0.3786472678184509,0
90,1300,640,1333,682,0.3610340356826782,0
90,1010,349,1035,401,0.3316776752471924,0
90,583,240,630,290,0.782295286655426,2
90,450,255,505,316,0.5616950392723083,2
90,927,258,982,302,0.523036003112793,2
90,758,350,851,406,0.47743821144104004,2
90,748,175,788,211,0.4241631031036377,2
90,641,257,706,308,0.3935910761356354,2
90,781,271,853,327,0.373826265335083,2
91,1118,660,1151,709,0.3566511273384094,0
91,450,316,472,345,0.34896862506866455,1
91,582,245,630,296,0.8440932035446167,2
91,449,255,506,315,0.7807860374450684,2
91,929,258,982,303,0.5042707324028015,2
91,748,178,789,211,0.4740024507045746,2
91,754,351,848,406,0.45624926686286926,2
91,780,272,856,327,0.33732300996780396,2
92,580,251,631,298,0.8677338361740112,2
92,449,257,506,315,0.7573754787445068,2
92,750,353,845,415,0.6089121699333191,2
92,932,258,982,305,0.5632910132408142,2
92,748,176,788,211,0.46593019366264343,2
92,781,274,855,326,0.3582836389541626,2
92,659,251,711,297,0.312302827835083,2
93,444,304,467,345,0.30935755372047424,0
93,579,255,630,304,0.8374869227409363,2
93,749,353,843,415,0.8066952228546143,2
93,934,259,983,307,0.7141963839530945,2
93,452,259,505,316,0.6948131918907166,2
93,748,175,788,210,0.5941911935806274,2
93,656,251,715,298,0.5899691581726074,2
93,776,274,830,321,0.3550158441066742,2
93,647,210,692,248,0.3529934585094452,2
94,576,259,631,310,0.8830269575119019,2
94,745,355,841,415,0.8122672438621521,2
94,447,259,505,317,0.808817982673645,2
94,937,260,985,308,0.7352585792541504,2
94,747,176,788,211,0.6010414958000183,2
94,657,249,716,297,0.5907284021377563,2
94,780,276,830,322,0.5211416482925415,2
94,647,208,697,246,0.4491441249847412,2
94,1017,349,1107,405,0.36445823311805725,2
94,677,159,718,194,0.333850622177124,2
94,788,282,859,329,0.3213910162448883,2
95,575,264,633,315,0.8738896250724792,2
95,746,357,839,416,0.8044402599334717,2
95,447,259,504,317,0.7330694198608398,2
95,933,261,984,308,0.6664249897003174,2
95,746,179,787,211,0.4477202594280243,2
95,776,276,831,322,0.39642032980918884,2
95,1017,349,1108,404,0.34155628085136414,2
96,121,485,153,524,0.37564703822135925,0
96,435,303,461,346,0.3550262153148651,0
96,437,312,460,350,0.3175082206726074,1
96,574,269,633,320,0.7723233699798584,2
96,934,261,984,309,0.673829972743988,2
96,742,359,837,420,0.6610154509544373,2
96,449,259,502,318,0.5151402950286865,2
96,776,277,831,322,0.3845810890197754,2
96,1015,355,1099,418,0.34020453691482544,2
96,746,177,787,213,0.33237147331237793,2
97,433,314,460,350,0.44909876585006714,1
97,569,274,626,325,0.8658591508865356,2
97,445,259,502,319,0.7827996015548706,2
97,738,362,836,423,0.6942058801651001,2
97,933,262,985,310,0.65796959400177,2
97,777,277,831,323,0.40220698714256287,2
97,1016,356,1101,416,0.3539692759513855,2
98,1036,661,1074,710,0.3095797300338745,0
98,429,317,454,348,0.41167888045310974,1
98,568,274,626,328,0.8521819114685059,2
98,444,260,503,321,0.8038254976272583,2
98,735,363,838,428,0.587498128414154,2
98,934,262,986,310,0.5816789269447327,2
98,1017,357,1101,417,0.3208688795566559,2
98,785,283,858,331,0.30871331691741943,2
99,427,308,451,346,0.33300819993019104,0
99,566,281,626,336,0.8921003341674805,2
99,430,261,501,320,0.7226829528808594,2
99,728,369,828,432,0.5024993419647217,2
99,933,262,987,312,0.48817896842956543,2
99,744,179,787,214,0.39464545249938965,2
99,656,198,709,242,0.3486875891685486,2
99,1015,358,1101,422,0.33897843956947327,2
100,422,315,445,354,0.317782461643219,0
100,564,286,624,342,0.8871195316314697,2
100,431,263,500,321,0.7513756155967712,2
100,932,263,988,312,0.5669122338294983,2
100,727,370,823,435,0.482805997133255,2
100,743,178,789,214,0.30677181482315063,2
100,786,282,858,332,0.3053402900695801,2
101,420,316,442,355,0.3408478796482086,0
101,562,293,622,349,0.8541955351829529,2
101,444,264,502,324,0.8469510078430176,2
101,722,372,823,436,0.5917728543281555,2
101,933,264,988,313,0.5433337092399597,2
101,747,183,787,218,0.32250234484672546,2
102,418,315,440,359,0.5694620609283447,0
102,558,296,618,354,0.9053294062614441,2
102,430,268,500,323,0.8060078024864197,2
102,721,372,818,437,0.6735190749168396,2
102,932,264,990,313,0.5617272257804871,2
102,785,284,853,334,0.44777265191078186,2
102,657,195,714,242,0.3359207808971405,2
103,417,317,439,360,0.563279926776886,0
103,1016,389,1045,442,0.4065776467323303,0
103,1039,391,1065,442,0.30979520082473755,0
103,557,299,617,356,0.8566145896911621,2
103,433,265,499,323,0.8457813858985901,2
103,715,379,815,444,0.7203812599182129,2
103,932,265,989,315,0.45256370306015015,2
103,784,285,850,337,0.42930522561073303,2
104,415,318,437,363,0.5963374376296997,0
104,1014,389,1043,441,0.4535001516342163,0
104,555,306,617,371,0.885686993598938,2
104,434,265,498,323,0.8500974178314209,2
104,712,379,813,445,0.7071825265884399,2
104,785,287,852,338,0.39738088846206665,2
104,931,267,990,315,0.37282469868659973,2
104,658,220,714,272,0.34196051955223083,2
104,651,192,697,234,0.32003700733184814,2
105,414,321,434,363,0.5541920065879822,0
105,1017,391,1045,442,0.5182802081108093,0
105,1037,390,1062,441,0.36425167322158813,0
105,1004,400,1030,449,0.3022741377353668,0
105,553,310,615,376,0.9034993052482605,2
105,430,266,499,323,0.8238946795463562,2
105,710,379,813,448,0.5482715368270874,2
105,784,290,851,340,0.43842750787734985,2
105,657,220,713,271,0.3979586362838745,2
105,932,270,991,316,0.3903449475765228,2
105,650,193,697,236,0.3517424166202545,2
106,1019,392,1046,443,0.5663638710975647,0
106,412,323,431,363,0.46062055230140686,0
106,1037,389,1061,440,0.39484989643096924,0
106,1005,401,1029,450,0.3326362669467926,0
106,550,320,614,382,0.8993051052093506,2
106,431,268,498,325,0.8334749937057495,2
106,702,385,803,455,0.666725754737854,2
106,658,220,714,271,0.5140060782432556,2
106,932,271,991,318,0.4526144564151764,2
106,785,289,846,342,0.4378846287727356,2
106,746,182,787,219,0.3634392023086548,2
106,650,193,697,237,0.3070356547832489,2
107,1023,392,1049,444,0.6105111241340637,0
107,1037,391,1060,444,0.4353737533092499,0
107,1004,402,1028,451,0.4293271601200104,0
107,100,499,131,542,0.37887707352638245,0
107,410,322,430,364,0.3543397784233093,0
107,546,325,616,393,0.9012402296066284,2
107,434,268,497,327,0.8385653495788574,2
107,694,390,803,460,0.7088443040847778,2
107,657,220,715,271,0.551774799823761,2
107,786,292,846,344,0.5011029839515686,2
107,933,274,993,320,0.4696177542209625,2
107,747,182,787,219,0.4685928225517273,2
107,649,191,699,233,0.3842279016971588,2
108,1023,395,1049,447,0.6260405778884888,0
108,1037,391,1061,444,0.45877793431282043,0
108,1004,404,1028,453,0.42811092734336853,0
108,404,324,423,364,0.3726010024547577,0
108,545,331,613,401,0.8922579884529114,2
108,431,270,498,328,0.7979862689971924,2
108,693,391,800,464,0.7893689274787903,2
108,787,292,846,344,0.6182887554168701,2
108,942,274,997,322,0.563620924949646,2
108,657,219,718,270,0.4954897463321686,2
108,747,185,789,218,0.45440009236335754,2
109,1024,394,1050,449,0.6197589039802551,0
109,1038,391,1061,445,0.49771448969841003,0
109,402,324,422,364,0.4300917685031891,0
109,1004,405,1028,453,0.3800959885120392,0
109,536,338,607,409,0.8372576236724854,2
109,430,269,498,329,0.797023594379425,2
109,690,393,795,467,0.7733587026596069,2
109,786,294,848,346,0.6192008852958679,2
109,943,275,997,322,0.6080868244171143,2
109,748,184,789,218,0.4739006459712982,2
109,659,220,721,269,0.39024975895881653,2
110,1024,397,1049,449,0.600574791431427,0
110,402,329,421,366,0.5044091939926147,0
110,1039,393,1063,446,0.46447139978408813,0
110,1005,406,1028,453,0.32688963413238525,0
110,536,345,603,413,0.867003321647644,2
110,433,268,497,330,0.8215826153755188,2
110,683,403,790,473,0.7751635313034058,2
110,786,294,854,348,0.5775628685951233,2
110,944,276,997,322,0.5299687385559082,2
110,748,184,789,219,0.460784375667572,2
110,661,217,722,268,0.4120601415634155,2
111,1025,398,1051,451,0.6023797988891602,0
111,1038,393,1062,447,0.4942712187767029,0
111,1003,407,1027,455,0.474905788898468,0
111,400,329,420,367,0.42059651017189026,0
111,535,351,601,423,0.9064159989356995,2
111,684,402,790,476,0.793251633644104,2
111,430,268,498,332,0.7738625407218933,2
111,784,295,851,349,0.613128662109375,2
111,944,276,998,324,0.46054720878601074,2
111,748,184,789,220,0.4556165635585785,2
111,661,215,723,268,0.44041597843170166,2
112,1026,400,1051,453,0.5973839163780212,0
112,1039,395,1063,448,0.5495913028717041,0
112,398,331,417,368,0.469101220369339,0
112,1004,407,1028,455,0.41554638743400574,0
112,531,357,597,434,0.9079169034957886,2
112,433,276,496,336,0.8415315747261047,2
112,681,403,789,483,0.768810510635376,2
112,785,298,851,349,0.6562182903289795,2
112,749,184,790,221,0.6307120323181152,2
112,661,214,721,268,0.4571708142757416,2
112,945,282,999,328,0.45595958828926086,2
113,1040,396,1067,451,0.5321144461631775,0
113,1023,403,1050,455,0.5173130631446838,0
113,1001,412,1028,462,0.4773620069026947,0
113,395,334,415,370,0.44879984855651855,0
113,527,367,596,442,0.8840381503105164,2
113,430,278,495,338,0.8089328408241272,2
113,671,414,782,486,0.7317048907279968,2
113,785,300,856,349,0.7296686172485352,2
113,749,184,790,221,0.612318217754364,2
113,660,213,721,266,0.43560078740119934,2
114,1041,399,1067,452,0.5600482225418091,0
114,1001,413,1028,461,0.5397723317146301,0
114,1017,410,1046,462,0.4821804463863373,0
114,393,335,414,370,0.3447689116001129,0
114,523,375,595,456,0.924312949180603,2
114,430,278,494,339,0.8824095129966736,2
114,668,415,781,491,0.738385796546936,2
114,785,300,850,350,0.6970989108085632,2
114,749,185,789,220,0.6577089428901672,2
114,945,283,999,329,0.5959380865097046,2
114,662,214,718,265,0.4931359887123108,2
114,658,183,706,225,0.45754170417785645,2
115,1001,413,1029,462,0.5743918418884277,0
115,1041,402,1068,456,0.5464258193969727,0
115,1013,411,1043,463,0.4503629505634308,0
115,391,334,412,370,0.3154662251472473,0
115,519,384,592,466,0.8980520367622375,2
115,429,278,493,340,0.873416006565094,2
115,665,414,776,493,0.8198162913322449,2
115,785,300,852,351,0.6794268488883972,2
115,749,183,789,221,0.6788619160652161,2
115,944,283,1000,329,0.6560124158859253,2
115,661,212,718,264,0.4665471017360687,2
115,658,185,707,229,0.42575857043266296,2
116,1001,413,1029,462,0.6219772696495056,0
116,1039,409,1069,464,0.5783551931381226,0
116,1013,412,1042,463,0.4615857005119324,0
116,517,392,588,471,0.8820090889930725,2
116,428,279,493,341,0.8482211828231812,2
116,663,416,774,495,0.8224866986274719,2
116,786,300,853,352,0.7109972834587097,2
116,750,183,790,222,0.6766099333763123,2
116,945,283,1000,330,0.6165671944618225,2
116,662,209,720,264,0.3620428442955017,2
117,1000,414,1029,467,0.6913836598396301,0
117,1040,409,1069,466,0.6005630493164062,0
117,427,279,492,343,0.8925071358680725,2
117,507,403,583,490,0.8648399710655212,2
117,657,417,768,495,0.8046594858169556,2
117,786,300,854,352,0.714855432510376,2
117,945,285,1000,331,0.6243927478790283,2
117,748,184,791,222,0.5253971219062805,2
117,662,209,720,263,0.4631364047527313,2
117,658,186,710,234,0.30615875124931335,2
118,1001,413,1029,465,0.6432741284370422,0
118,1040,410,1069,466,0.6367768049240112,0
118,1011,413,1041,468,0.4088636338710785,0
118,427,284,492,344,0.8833745718002319,2
118,505,413,582,501,0.8417267799377441,2
118,656,424,766,502,0.7927236557006836,2
118,786,301,849,352,0.7347851395606995,2
118,749,184,791,223,0.6750652194023132,2
118,947,286,1002,333,0.6220671534538269,2
118,661,208,716,262,0.4913662075996399,2
118,659,185,706,232,0.4634226858615875,2
118,422,161,475,197,0.3137567341327667,2
119,1042,411,1070,466,0.6696715950965881,0
119,1002,413,1028,464,0.6378370523452759,0
119,1066,418,1091,471,0.32237526774406433,0
119,498,425,580,520,0.8877137899398804,2
119,427,284,491,346,0.8750309348106384,2
119,653,426,765,506,0.7997384667396545,2
119,788,301,845,352,0.7944031357765198,2
119,749,187,790,223,0.6719182729721069,2
119,948,286,1002,334,0.6251335740089417,2
119,662,206,716,259,0.5101751685142517,2
119,659,185,706,234,0.49799519777297974,2
120,1043,411,1072,468,0.7026683688163757,0
120,1001,414,1028,466,0.662706196308136,0
120,1064,417,1090,471,0.34945741295814514,0
120,426,282,491,346,0.8995373249053955,2
120,491,433,574,532,0.8722943663597107,2
120,787,301,849,353,0.7669487595558167,2
120,653,428,764,510,0.757583498954773,2
120,947,287,1002,336,0.6704061031341553,2
120,749,185,791,223,0.6454280018806458,2
120,661,187,706,239,0.47001633048057556,2
120,662,205,716,258,0.45082926750183105,2
121,1042,413,1072,470,0.7732041478157043,0
121,1001,415,1028,468,0.7367544770240784,0
121,1066,417,1090,472,0.3974769115447998,0
121,425,282,491,347,0.8966378569602966,2
121,486,446,574,549,0.8831811547279358,2
121,641,437,755,514,0.8013997673988342,2
121,947,287,1003,336,0.7382673621177673,2
121,750,187,790,224,0.6327524185180664,2
121,785,301,851,354,0.6251099705696106,2
121,663,209,715,254,0.5814768075942993,2
121,425,159,472,197,0.31941041350364685,2
122,1044,416,1073,474,0.7235159873962402,0
122,1002,417,1028,468,0.6735989451408386,0
122,1063,420,1089,475,0.34248727560043335,0
122,424,288,490,348,0.8796724677085876,2
122,642,438,752,520,0.8190601468086243,2
122,483,455,569,562,0.8006458878517151,2
122,949,288,1004,338,0.6532017588615417,2
122,786,307,851,357,0.5861901640892029,2
122,750,186,790,225,0.5542201995849609,2
122,662,210,716,254,0.544045090675354,2
122,423,158,474,195,0.47492387890815735,2
122,652,181,696,212,0.34011557698249817,2
122,660,194,709,238,0.327898770570755,2
123,1045,419,1075,476,0.7257198095321655,0
123,1002,417,1029,468,0.6377637386322021,0
123,423,286,489,349,0.8770199418067932,2
123,471,469,565,571,0.8568193912506104,2
123,638,439,749,523,0.8494261503219604,2
123,952,290,1006,339,0.6216745972633362,2
123,788,308,850,358,0.5564157962799072,2
123,423,158,472,196,0.5263709425926208,2
123,661,207,719,257,0.5224756598472595,2
123,750,185,791,228,0.5005321502685547,2
124,1047,422,1077,478,0.6754480004310608,0
124,1002,417,1029,469,0.6474388837814331,0
124,423,289,488,350,0.886801540851593,2
124,634,440,748,523,0.820602297782898,2
124,466,481,561,589,0.7939605116844177,2
124,954,291,1007,339,0.6974988579750061,2
124,787,308,851,360,0.6062578558921814,2
124,663,206,713,252,0.5674956440925598,2
124,750,187,790,228,0.5384624600410461,2
124,423,158,473,195,0.5231659412384033,2
125,1048,422,1079,483,0.7134839296340942,0
125,1002,418,1029,470,0.6997542381286621,0
125,1060,424,1088,482,0.3736475706100464,0
125,459,494,557,612,0.871832549571991,2
125,422,288,487,351,0.8657786250114441,2
125,633,448,741,533,0.8089607954025269,2
125,955,293,1008,341,0.6961906552314758,2
125,789,309,849,361,0.637186586856842,2
125,663,205,715,256,0.4963167607784271,2
125,751,188,791,229,0.48473814129829407,2
125,410,163,466,197,0.3898053467273712,2
126,1003,419,1028,470,0.6454297304153442,0
126,1049,424,1080,481,0.5862363576889038,0
126,422,290,487,352,0.8680665493011475,2
126,451,503,552,630,0.819439709186554,2
126,629,451,740,540,0.8147412538528442,2
126,957,291,1008,340,0.7110635042190552,2
126,787,311,849,362,0.5642593502998352,2
126,663,204,715,257,0.5287941098213196,2
126,750,189,791,230,0.5216177701950073,2
126,408,162,467,198,0.3632548451423645,2
127,1003,420,1029,471,0.663939893245697,0
127,1052,424,1081,481,0.5039246678352356,0
127,926,306,961,343,0.40409332513809204,1
127,422,290,487,352,0.8865416049957275,2
127,624,453,741,546,0.7812299728393555,2
127,442,523,547,649,0.731073260307312,2
127,961,293,1010,343,0.6636289358139038,2
127,409,162,466,198,0.46948355436325073,2
127,789,314,850,366,0.4584289491176605,2
127,663,193,710,242,0.4377082586288452,2
127,751,193,790,232,0.3664965033531189,2
128,1002,421,1030,473,0.6596155166625977,0
128,1052,425,1082,484,0.4229300916194916,0
128,927,308,962,344,0.42471376061439514,1
128,420,290,485,354,0.8627113103866577,2
128,436,538,546,677,0.8122541308403015,2
128,620,455,733,550,0.7155755758285522,2
128,960,295,1010,343,0.5196606516838074,2
128,411,164,464,198,0.5051733255386353,2
129,1003,422,1029,474,0.674881100654602,0
129,933,316,970,349,0.41784214973449707,1
129,420,290,486,356,0.8330056667327881,2
129,618,458,731,554,0.8150742650032043,2
129,427,556,539,703,0.7685657739639282,2
129,410,162,464,195,0.5696048140525818,2
129,951,293,1007,344,0.49874347448349,2
129,790,315,847,368,0.4690045416355133,2
129,665,195,709,240,0.39069998264312744,2
129,750,194,791,233,0.3473919928073883,2
129,664,206,715,265,0.3264721930027008,2
129,1064,409,1164,482,0.31275349855422974,2
130,1003,422,1029,476,0.6762253642082214,0
130,937,318,974,350,0.34879159927368164,1
130,419,291,485,357,0.8568130135536194,2
130,614,459,730,558,0.8159241080284119,2
130,421,572,535,729,0.7817332148551941,2
130,412,161,462,195,0.6300546526908875,2
130,789,317,849,370,0.4124521315097809,2
130,947,294,1008,347,0.3790988624095917,2
130,665,194,708,240,0.37691834568977356,2
130,750,193,792,232,0.3050324320793152,2
131,1003,422,1030,476,0.6960811018943787,0
131,939,319,978,353,0.302435964345932,1
131,419,290,484,357,0.8647459745407104,2
131,596,462,735,570,0.7483530044555664,2
131,419,591,538,736,0.6251239776611328,2
131,416,162,462,196,0.5183669924736023,2
131,951,293,1010,348,0.32055962085723877,2
132,1004,421,1030,475,0.6172194480895996,0
132,411,624,538,746,0.48450714349746704,1
132,419,288,483,359,0.8651313781738281,2
132,595,464,729,575,0.8169861435890198,2
132,409,161,461,198,0.5714685916900635,2
132,403,623,528,747,0.460225373506546,2
132,787,318,850,372,0.41060498356819153,2
132,752,196,793,233,0.343427836894989,2
133,1007,422,1034,475,0.5552101135253906,0
133,1068,430,1107,501,0.43561533093452454,0
133,418,289,485,360,0.8428681492805481,2
133,593,467,724,579,0.840114176273346,2
133,413,162,460,195,0.5899935960769653,2
133,753,196,794,233,0.46510353684425354,2
133,791,316,851,374,0.439662367105484,2
133,946,298,1012,353,0.41277047991752625,2
133,394,649,524,758,0.3548893332481384,2
134,1008,425,1035,477,0.5676001906394958,0
134,1069,432,1107,501,0.471800297498703,0
134,417,290,483,362,0.8238365650177002,2
134,589,473,721,582,0.8182739615440369,2
134,407,164,460,198,0.48325562477111816,2
134,754,197,793,234,0.3768347203731537,2
134,790,318,850,374,0.35083821415901184,2
135,1009,425,1034,476,0.6737201809883118,0
135,1069,434,1106,503,0.45272159576416016,0
135,416,288,482,364,0.810908317565918,2
135,585,475,717,588,0.8026258945465088,2
135,957,299,1015,355,0.7433844208717346,2
135,409,161,457,197,0.7028781771659851,2
135,791,320,848,376,0.6802415251731873,2
135,755,198,794,234,0.46085166931152344,2
135,663,209,718,263,0.3471877872943878,2
135,666,200,713,239,0.3213745057582855,2
136,1010,425,1035,472,0.6774645447731018,0
136,1072,437,1103,503,0.4371994137763977,0
136,417,303,480,366,0.8014708161354065,2
136,578,488,712,597,0.7336393594741821,2
136,957,298,1017,356,0.733404278755188,2
136,792,321,849,377,0.6889328956604004,2
136,407,163,462,197,0.4957149028778076,2
136,754,198,794,234,0.451858252286911,2
136,666,197,710,239,0.39623332023620605,2
136,663,207,717,264,0.3417867422103882,2
137,1011,425,1037,476,0.6298648118972778,0
137,1072,440,1104,506,0.6136096715927124,0
137,416,302,479,367,0.8095466494560242,2
137,574,487,704,605,0.7919111847877502,2
137,791,323,851,377,0.6818034052848816,2
137,958,297,1018,358,0.6285214424133301,2
137,753,197,794,235,0.4120282232761383,2
137,662,210,716,267,0.33451950550079346,2
137,665,195,710,239,0.311460018157959,2
137,404,165,460,202,0.3012336194515228,2
138,1011,426,1038,476,0.6590640544891357,0
138,1073,442,1107,510,0.5286213755607605,0
138,331,354,354,395,0.30194514989852905,0
138,416,301,479,367,0.8110495805740356,2
138,569,492,703,612,0.7376394867897034,2
138,958,302,1018,363,0.654615581035614,2
138,792,324,849,378,0.5021638870239258,2
138,663,212,718,274,0.4457806646823883,2
138,753,198,795,235,0.34872138500213623,2
139,1011,426,1038,476,0.7217712998390198,0
139,1075,443,1110,514,0.5297070741653442,0
139,414,301,479,371,0.727649986743927,2
139,562,496,703,623,0.7231565117835999,2
139,753,198,798,236,0.5907251238822937,2
139,959,302,1018,364,0.48554155230522156,2
139,662,212,717,275,0.4637330174446106,2
139,791,325,850,378,0.4185846149921417,2
139,665,195,709,237,0.31550636887550354,2
140,1011,427,1038,479,0.7437810301780701,0
140,1075,445,1111,516,0.47965362668037415,0
140,1030,690,1072,739,0.314444363117218,0
140,552,497,690,626,0.7663194537162781,2
140,415,302,477,371,0.7582842111587524,2
140,753,199,798,237,0.6813328266143799,2
140,794,325,849,378,0.6571915745735168,2
140,662,213,715,274,0.44540631771087646,2
140,665,193,708,236,0.35583820939064026,2
141,1012,428,1039,480,0.7668251395225525,0
141,1077,445,1110,513,0.4124831259250641,0
141,544,503,688,634,0.8172643184661865,2
141,415,304,477,373,0.7628425359725952,2
141,752,200,798,237,0.7000635862350464,2
141,794,325,848,380,0.6100653409957886,2
142,1012,430,1041,482,0.7713727951049805,0
142,1076,446,1111,514,0.3970884382724762,0
142,539,509,687,644,0.7852044105529785,2
142,414,303,478,374,0.7477481365203857,2
142,753,200,797,238,0.6491048336029053,2
142,971,307,1024,370,0.4454955458641052,2
142,664,188,705,230,0.3855084776878357,2
142,793,324,850,380,0.321892112493515,2
143,1012,430,1039,482,0.78550785779953,0
143,1079,449,1110,513,0.3440128266811371,0
143,1085,443,1129,518,0.3155238926410675,0
143,534,514,683,653,0.7702522277832031,2
143,406,303,475,372,0.7670503854751587,2
143,751,201,797,238,0.7191469669342041,2
143,666,189,705,226,0.7000349164009094,2
143,794,324,851,381,0.6257272362709045,2
143,669,175,703,210,0.48861145973205566,2
143,969,307,1027,365,0.487428218126297,2
144,1012,430,1040,483,0.7736313343048096,0
144,1085,443,1126,518,0.37035179138183594,0
144,406,304,475,374,0.7691419124603271,2
144,528,521,676,670,0.6417845487594604,2
144,749,200,797,240,0.6211572289466858,2
144,795,324,854,382,0.5703808069229126,2
144,665,187,703,225,0.5443373322486877,2
145,1015,429,1042,482,0.7465575337409973,0
145,314,365,337,410,0.3315260708332062,0
145,406,305,475,375,0.7779330015182495,2
145,524,525,672,678,0.7179145812988281,2
145,752,200,801,242,0.486776739358902,2
145,798,330,855,386,0.473113477230072,2
145,666,185,705,225,0.3017634153366089,2
146,1019,431,1044,482,0.7693312168121338,0
146,1097,458,1136,534,0.3109704852104187,0
146,315,366,338,410,0.3033398985862732,0
146,415,309,480,376,0.8342095017433167,2
146,801,329,858,387,0.7657451629638672,2
146,513,532,671,693,0.7399196028709412,2
146,671,187,709,222,0.6142743229866028,2
146,975,313,1033,362,0.5854762196540833,2
146,753,200,805,242,0.48606616258621216,2
147,1020,431,1046,482,0.7209922075271606,0
147,1097,460,1136,534,0.4356001019477844,0
147,415,312,480,378,0.8691501021385193,2
147,977,313,1035,363,0.7178869247436523,2
147,800,328,859,390,0.6781506538391113,2
147,672,187,709,221,0.6225968599319458,2
147,503,540,669,706,0.6024090051651001,2
147,749,199,805,243,0.4088216722011566,2
148,1020,433,1047,482,0.6135572791099548,0
148,1098,462,1135,538,0.5270352959632874,0
148,413,309,480,380,0.7556033134460449,2
148,496,543,667,727,0.600636899471283,2
148,978,313,1036,366,0.592111349105835,2
148,803,329,859,391,0.5327981114387512,2
148,670,187,708,221,0.50383460521698,2
149,1021,436,1050,491,0.6705309152603149,0
149,1099,465,1136,540,0.52128005027771,0
149,413,311,480,380,0.8412274718284607,2
149,980,313,1037,365,0.6680434346199036,2
149,477,542,652,734,0.5268873572349548,2
149,669,186,708,221,0.40138810873031616,2
149,802,331,860,392,0.3526660203933716,2
150,1023,437,1050,489,0.6687948703765869,0
150,1099,466,1134,540,0.48755785822868347,0
150,412,313,480,383,0.8196517825126648,2
150,480,570,649,745,0.6340011358261108,2
150,980,313,1037,366,0.6202250719070435,2
150,804,333,859,394,0.4094589650630951,2
150,669,185,707,221,0.307843416929245,2
151,1024,437,1049,488,0.6949149370193481,0
151,1100,468,1136,542,0.4554600119590759,0
151,405,312,477,382,0.8340789675712585,2
151,985,313,1040,367,0.7705948352813721,2
151,471,584,645,753,0.7167698740959167,2
151,804,334,859,395,0.4558001458644867,2
151,670,184,708,220,0.40707096457481384,2
152,1025,437,1051,490,0.7261109352111816,0
152,1101,473,1132,539,0.4574047029018402,0
152,403,313,478,382,0.7591143250465393,2
152,464,595,633,764,0.7069365978240967,2
152,986,312,1041,369,0.6618485450744629,2
152,674,173,707,213,0.48751816153526306,2
152,808,340,872,399,0.41651153564453125,2
152,766,208,809,247,0.39842861890792847,2
153,1026,439,1051,489,0.7576625943183899,0
153,1103,475,1132,538,0.37522628903388977,0
153,401,311,477,384,0.7707427144050598,2
153,983,316,1041,369,0.7523459196090698,2
153,468,598,618,764,0.5543950796127319,2
153,675,173,706,212,0.5417110919952393,2
153,807,339,873,401,0.5272650718688965,2
153,766,208,808,247,0.4740302860736847,2
153,600,184,639,222,0.34682780504226685,2
153,702,136,737,169,0.3300437927246094,2
153,708,125,744,154,0.3202105760574341,2
154,1026,440,1052,490,0.754429042339325,0
154,403,313,476,386,0.8594495058059692,2
154,986,319,1042,371,0.7780685424804688,2
154,766,209,808,247,0.5476472973823547,2
154,675,172,706,212,0.516193151473999,2
154,806,342,876,404,0.502350926399231,2
155,1027,440,1053,491,0.7790579199790955,0
155,403,312,476,387,0.8417140245437622,2
155,986,318,1042,372,0.7815197110176086,2
155,766,208,808,248,0.582228422164917,2
155,801,337,862,402,0.4111360013484955,2
155,675,171,705,211,0.3501473367214203,2
156,1027,440,1052,490,0.7813410758972168,0
156,399,312,476,389,0.8149546980857849,2
156,987,318,1043,372,0.7736564874649048,2
156,806,344,873,404,0.6492619514465332,2
156,766,208,808,247,0.5950189232826233,2
156,674,171,705,212,0.33816078305244446,2
157,1028,440,1053,490,0.7398801445960999,0
157,529,661,583,764,0.35851913690567017,0
157,400,313,476,390,0.8434577584266663,2
157,986,322,1044,374,0.8052750825881958,2
157,766,209,808,246,0.5757402777671814,2
157,805,346,879,407,0.5350717902183533,2
157,675,171,706,212,0.40963536500930786,2
158,1028,440,1052,489,0.737183690071106,0
158,400,313,476,391,0.8344275951385498,2
158,986,323,1045,376,0.8140344023704529,2
158,807,346,874,406,0.6414448618888855,2
158,766,210,808,246,0.6230146288871765,2
158,675,171,705,211,0.44265812635421753,2
158,1114,467,1216,535,0.30728253722190857,2
159,1029,440,1053,491,0.6529140472412109,0
159,986,322,1045,377,0.8249788284301758,2
159,400,325,473,394,0.8153544068336487,2
159,807,348,877,407,0.6177388429641724,2
159,766,209,809,248,0.5655377507209778,2
159,675,170,705,210,0.3589618504047394,2
160,1029,441,1055,494,0.5925142765045166,0
160,511,708,557,764,0.35209211707115173,0
160,1119,487,1159,566,0.3008463680744171,0
160,401,324,473,395,0.8563192486763,2
160,986,322,1045,379,0.7663739323616028,2
160,766,210,809,248,0.5945664048194885,2
160,807,349,877,408,0.5635342001914978,2
161,1029,442,1055,494,0.610565185546875,0
161,398,324,473,396,0.8514786958694458,2
161,987,324,1045,378,0.7788420915603638,2
161,809,351,871,407,0.7114629149436951,2
161,765,211,808,250,0.5574990510940552,2
162,1029,442,1057,495,0.5865639448165894,0
162,1122,494,1159,566,0.5028436183929443,0
162,281,377,309,425,0.4111902117729187,0
162,397,324,473,398,0.7902597784996033,2
162,985,323,1046,380,0.7667123079299927,2
162,809,351,873,408,0.6520575881004333,2
162,765,211,808,251,0.505784809589386,2
163,1032,444,1061,497,0.4369315207004547,0
163,1123,497,1157,564,0.3719409108161926,0
163,397,324,472,399,0.8196761012077332,2
163,984,324,1047,383,0.69427090883255,2
163,809,357,873,411,0.6456931829452515,2
163,765,209,809,252,0.5803752541542053,2
164,1032,444,1063,502,0.5644341111183167,0
164,1125,498,1157,566,0.44614163041114807,0
164,278,379,306,426,0.34430021047592163,0
164,396,325,471,401,0.7828204035758972,2
164,992,332,1051,383,0.7192640900611877,2
164,765,210,809,251,0.6953185200691223,2
164,809,356,873,412,0.6767882704734802,2
165,1032,444,1063,501,0.6140949130058289,0
165,1126,502,1157,566,0.3618989586830139,0
165,394,327,471,403,0.7818791270256042,2
165,809,355,872,414,0.7419533133506775,2
165,993,332,1051,386,0.6990530490875244,2
165,766,209,809,250,0.6518732309341431,2
166,1034,444,1062,498,0.6072514653205872,0
166,396,329,468,404,0.8333321213722229,2
166,993,333,1052,386,0.7588226199150085,2
166,808,355,873,415,0.7572264671325684,2
166,766,211,809,251,0.7007189393043518,2
167,1033,445,1063,502,0.6588420271873474,0
167,395,327,468,406,0.8054468631744385,2
167,810,355,872,415,0.7682567238807678,2
167,995,335,1054,388,0.7635243535041809,2
167,766,213,810,252,0.5935667157173157,2
168,1034,445,1064,501,0.6680358648300171,0
168,394,326,466,407,0.7996532917022705,2
168,994,336,1054,390,0.7982568740844727,2
168,810,357,873,418,0.6341909170150757,2
168,764,213,809,252,0.5015115737915039,2
169,1035,446,1064,502,0.6549310684204102,0
169,994,337,1056,391,0.8517128229141235,2
169,392,327,465,409,0.782270073890686,2
169,811,357,875,420,0.5243552923202515,2
169,766,214,810,254,0.3198467195034027,2
170,1036,447,1063,502,0.6542941927909851,0
170,554,131,571,156,0.3371484875679016,0
170,392,331,466,409,0.8321022391319275,2
170,997,337,1057,394,0.781127393245697,2
170,810,358,875,422,0.6613049507141113,2
170,766,214,810,253,0.45590078830718994,2
170,703,120,745,152,0.30130741000175476,2
171,1035,446,1064,504,0.671285092830658,0
171,1138,510,1184,595,0.3458636701107025,0
171,390,332,466,412,0.7889370918273926,2
171,995,336,1058,394,0.6760703921318054,2
171,766,214,811,254,0.389163613319397,2
172,1036,447,1064,505,0.6542033553123474,0
172,1140,516,1183,593,0.34963667392730713,0
172,389,333,466,415,0.7930039167404175,2
172,997,338,1058,395,0.6776725649833679,2
172,812,362,876,427,0.45293864607810974,2
172,766,216,811,254,0.4267176687717438,2
173,1036,446,1065,505,0.6964552402496338,0
173,1141,518,1181,595,0.3417452871799469,0
173,386,330,466,416,0.7501673102378845,2
173,999,338,1059,397,0.701515793800354,2
173,813,365,875,431,0.4178530275821686,2
173,766,215,811,257,0.4151703417301178,2
174,1037,448,1065,505,0.696456253528595,0
174,1143,522,1182,591,0.30243608355522156,0
174,999,338,1060,398,0.7658045887947083,2
174,386,335,465,418,0.7555445432662964,2
174,814,366,874,431,0.7089134454727173,2
175,1038,450,1066,506,0.6676497459411621,0
175,1145,526,1185,595,0.33523955941200256,0
175,553,137,571,164,0.30769288539886475,0
175,1000,340,1063,399,0.784289538860321,2
175,385,335,464,418,0.7367331385612488,2
175,814,369,875,431,0.7236388921737671,2
175,765,217,812,257,0.4837281405925751,2
176,1039,451,1067,505,0.7488831281661987,0
176,552,130,570,155,0.3573593497276306,0
176,1149,529,1189,610,0.34248626232147217,0
176,1004,340,1064,399,0.7292655110359192,2
176,815,368,875,433,0.7065796852111816,2
176,384,336,463,420,0.6727842688560486,2
176,766,216,811,256,0.659444272518158,2
177,1041,450,1067,504,0.733599841594696,0
177,1149,534,1189,609,0.3179340362548828,0
177,384,339,462,419,0.7640957832336426,2
177,1007,344,1066,400,0.7495154738426208,2
177,817,372,876,433,0.7470267415046692,2
177,765,217,812,257,0.6492207050323486,2
178,1042,452,1068,506,0.7401720285415649,0
178,1004,345,1066,401,0.867951512336731,2
178,383,336,461,419,0.7344235777854919,2
178,816,370,876,435,0.7030082941055298,2
178,767,218,812,256,0.693982720375061,2
179,1042,453,1068,506,0.8033744096755981,0
179,815,373,842,421,0.3091078996658325,0
179,1006,348,1068,403,0.8404387831687927,2
179,384,349,458,424,0.6940867304801941,2
179,818,372,879,435,0.6909347772598267,2
179,765,218,812,258,0.46014919877052307,2
179,791,114,854,149,0.3422735929489136,2
