1,1820,461,1879,503,0.5356588959693909,2
1,1223,499,1564,650,0.5045520067214966,2
1,2,436,63,523,0.3238174617290497,2
2,1821,461,1880,503,0.5527815222740173,2
2,1276,499,1576,632,0.5506282448768616,2
2,1553,441,1623,499,0.4499863088130951,2
2,3,438,62,522,0.4305718243122101,2
3,1275,492,1586,641,0.5813683271408081,2
3,1817,461,1881,504,0.45397424697875977,2
3,4,438,62,522,0.43022432923316956,2
3,1560,444,1626,497,0.31162258982658386,2
4,1292,494,1588,646,0.5638814568519592,2
4,4,439,61,522,0.4561031758785248,2
4,1818,461,1880,504,0.4329116940498352,2
4,1558,445,1625,498,0.3456552028656006,2
5,925,90,965,153,0.30084988474845886,0
5,324,635,569,771,0.6378098726272583,1
5,2,438,61,521,0.4958249032497406,2
5,1550,441,1625,494,0.49526581168174744,2
5,1820,462,1880,503,0.4814705550670624,2
5,1300,500,1583,639,0.45546019077301025,2
6,326,634,593,769,0.5287660956382751,1
6,1821,463,1880,504,0.4593545198440552,2
6,1316,511,1576,635,0.4549200236797333,2
6,2,438,60,522,0.446681946516037,2
6,1550,440,1626,491,0.4360637068748474,2
7,372,629,638,771,0.7036651968955994,1
7,2,436,59,520,0.5053355097770691,2
7,1822,464,1877,505,0.46825602650642395,2
7,1558,442,1635,494,0.4612791836261749,2
7,1343,500,1610,628,0.3356111943721771,2
8,416,626,663,758,0.4091571271419525,1
8,1555,437,1635,490,0.5262219905853271,2
8,2,437,59,520,0.4952094554901123,2
8,1822,465,1876,506,0.46156802773475647,2
8,1358,512,1603,623,0.44847753643989563,2
9,429,621,695,753,0.6820517778396606,1
9,1562,434,1642,488,0.5876519083976746,2
9,2,435,59,519,0.509162425994873,2
9,1345,498,1614,629,0.47512930631637573,2
9,1824,466,1877,507,0.38560888171195984,2
10,488,618,719,737,0.5892465114593506,2
10,1564,435,1651,490,0.5714539289474487,2
10,1,435,59,520,0.531568706035614,2
10,1368,507,1597,620,0.47563448548316956,2
10,1823,466,1877,507,0.39332446455955505,2
11,527,615,742,728,0.6368884444236755,2
11,1565,434,1651,489,0.5342707633972168,2
11,2,436,59,520,0.5070548057556152,2
11,575,612,717,684,0.41293859481811523,2
11,1384,513,1597,617,0.3502296805381775,2
12,554,603,763,708,0.6572086215019226,2
12,1546,438,1646,496,0.46828693151474,2
12,2,436,58,519,0.44336870312690735,2
12,1878,461,1935,502,0.32271578907966614,2
13,570,602,809,729,0.5166208148002625,1
13,582,597,794,710,0.5648545026779175,2
13,2,437,58,521,0.47866755723953247,2
13,1826,467,1883,507,0.3700486421585083,2
13,1547,440,1649,500,0.3419671058654785,2
13,1877,463,1934,504,0.3037978708744049,2
14,595,596,817,707,0.7569860816001892,2
14,2,438,58,520,0.4991602897644043,2
14,1413,457,1684,595,0.4317081868648529,2
14,1822,463,1880,505,0.36709192395210266,2
15,635,606,847,722,0.43637120723724365,1
15,640,594,839,700,0.6545208096504211,2
15,2,436,58,519,0.452303022146225,2
15,1431,459,1678,585,0.3991234600543976,2
15,1820,463,1877,505,0.36442849040031433,2
15,1418,509,1656,620,0.3059499263763428,2
16,649,586,873,703,0.46832525730133057,1
16,1,433,57,519,0.37735211849212646,2
17,2560,1063,2619,1143,0.3340807855129242,0
17,696,590,887,695,0.7455472946166992,2
17,1587,437,1666,496,0.38796868920326233,2
17,2,434,57,520,0.35356515645980835,2
17,1434,468,1666,589,0.3166709840297699,2
17,1880,462,1941,505,0.30120351910591125,2
18,2560,1062,2619,1142,0.32136961817741394,0
18,724,587,904,681,0.8047763109207153,2
18,1,430,57,517,0.3856624662876129,2
18,1448,481,1658,592,0.35051238536834717,2
18,1502,439,1685,539,0.3189586102962494,2
18,1882,460,1944,502,0.30478888750076294,2
19,746,581,942,686,0.5253105163574219,2
19,1485,451,1711,574,0.45629942417144775,2
19,3,435,61,518,0.4300459325313568,2
19,1825,465,1880,506,0.3811027705669403,2
20,932,92,970,153,0.3678935766220093,0
20,771,577,981,674,0.6768792271614075,2
20,2,439,73,519,0.385078102350235,2
21,943,88,983,155,0.385394811630249,0
21,834,577,1014,671,0.7131490707397461,2
21,0,437,88,518,0.3586825430393219,2
21,1597,436,1704,507,0.3106692433357239,2
21,860,573,980,633,0.30638235807418823,2
22,878,573,1059,669,0.5539805889129639,1
22,875,559,1054,648,0.49336057901382446,2
22,3,448,122,518,0.43458646535873413,2
22,1165,866,1301,955,0.3374417722225189,2
22,1873,461,1932,505,0.33226722478866577,2
22,1535,468,1756,583,0.32724449038505554,2
23,903,569,1099,671,0.7826979756355286,2
23,23,450,147,521,0.5364007353782654,2
23,1578,462,1798,572,0.49967631697654724,2
23,936,561,1074,632,0.4312486946582794,2
23,1640,446,1756,518,0.39054372906684875,2
23,1889,464,1949,506,0.32456713914871216,2
24,934,566,1139,668,0.7152666449546814,2
24,56,447,172,516,0.6841402053833008,2
24,982,560,1127,632,0.4388781785964966,2
25,72,435,200,518,0.7658520340919495,2
25,992,560,1164,637,0.6816612482070923,2
25,989,572,1071,622,0.4998694062232971,2
25,1693,442,1798,508,0.38778364658355713,2
26,1031,557,1207,639,0.8027000427246094,2
26,109,436,219,512,0.6920344829559326,2
26,1332,890,1471,978,0.4175780713558197,2
26,1039,562,1129,617,0.3486505448818207,2
26,1723,437,1804,491,0.3126859962940216,2
27,1375,894,1516,984,0.42570027709007263,1
27,1085,555,1239,638,0.811713457107544,2
27,131,430,252,516,0.7296509742736816,2
27,1756,439,1840,501,0.47385621070861816,2
28,1421,899,1565,995,0.5763964653015137,1
28,1126,566,1291,660,0.4556522071361542,1
28,1121,549,1294,642,0.6949278712272644,2
28,170,437,276,508,0.6776556372642517,2
28,1770,438,1853,497,0.5471311807632446,2
29,1240,1085,1288,1146,0.315665066242218,0
29,1466,905,1614,1001,0.5104793310165405,1
29,1208,582,1319,648,0.45195746421813965,1
29,1159,551,1324,631,0.723149836063385,2
29,180,431,306,513,0.6807743906974792,2
29,8,512,55,575,0.5415624976158142,2
29,1152,560,1224,612,0.3009451627731323,2
30,1506,909,1661,1012,0.6905938386917114,1
30,1210,577,1347,650,0.3442491888999939,1
30,1196,552,1351,637,0.8187434077262878,2
30,217,436,325,509,0.7960448861122131,2
30,13,417,56,469,0.5325747132301331,2
30,29,520,91,573,0.5088731050491333,2
30,1817,441,1898,502,0.3522758483886719,2
31,1558,921,1715,1015,0.4153826832771301,1
31,1246,547,1401,635,0.8194993734359741,2
31,238,432,348,508,0.772959291934967,2
31,11,417,68,468,0.5822210907936096,2
31,0,484,48,558,0.5505661964416504,2
31,62,519,124,574,0.36915674805641174,2
32,1287,544,1448,631,0.8024540543556213,2
32,278,444,372,507,0.7240744829177856,2
32,12,483,70,550,0.5885440707206726,2
32,100,523,159,572,0.4328056275844574,2
32,18,500,91,565,0.385346382856369,2
32,1870,447,1954,510,0.3848221004009247,2
32,2,467,58,529,0.3671253025531769,2
32,1842,467,2008,567,0.328880250453949,2
33,1205,98,1242,154,0.3655925393104553,0
33,1317,543,1476,632,0.826192319393158,2
33,287,435,399,505,0.7181380391120911,2
33,41,495,109,567,0.44996052980422974,2
33,134,525,197,576,0.44281116127967834,2
33,90,515,184,577,0.376593679189682,2
34,1362,541,1513,625,0.8359026312828064,2
34,80,518,149,575,0.7869007587432861,2
34,159,524,222,575,0.6340155601501465,2
34,332,441,420,504,0.5537709593772888,2
34,1912,446,1985,510,0.4221981465816498,2
34,56,487,123,546,0.4208623766899109,2
34,104,422,161,461,0.412121444940567,2
34,41,471,96,519,0.3989872634410858,2
35,1729,963,1902,1057,0.326517790555954,1
35,87,518,157,575,0.7146579027175903,2
35,331,441,424,503,0.6923284530639648,2
35,46,472,102,521,0.6135154366493225,2
35,1386,540,1551,629,0.594508707523346,2
35,136,530,239,585,0.38718777894973755,2
35,1919,443,1998,517,0.3719417452812195,2
35,105,421,166,463,0.30811581015586853,2
36,1398,536,1556,625,0.8369033932685852,2
36,335,445,427,501,0.6487547755241394,2
36,96,521,170,577,0.6030757427215576,2
36,44,472,103,522,0.5972863435745239,2
36,1764,971,1934,1065,0.5414533615112305,2
36,187,533,260,583,0.4692336618900299,2
36,1921,443,1994,505,0.4556414484977722,2
36,111,423,167,463,0.4484303891658783,2
36,124,532,212,586,0.3221043646335602,2
36,1950,486,2060,548,0.3026992976665497,2
37,1420,537,1565,622,0.8203235268592834,2
37,37,472,94,522,0.6461510062217712,2
37,193,534,258,583,0.6333783268928528,2
37,108,531,180,584,0.6077553629875183,2
37,338,444,424,501,0.6003614664077759,2
37,1921,444,1987,508,0.5252234935760498,2
37,1434,816,1514,875,0.43187665939331055,2
37,108,422,168,464,0.3606158196926117,2
37,1780,981,1968,1081,0.3385566771030426,2
38,1439,537,1569,619,0.32915499806404114,1
38,1432,811,1535,879,0.7262979745864868,2
38,123,531,196,584,0.6539745926856995,2
38,332,440,423,501,0.6328567266464233,2
38,202,534,271,583,0.6062895655632019,2
38,33,470,88,522,0.5668357610702515,2
38,1922,447,1983,506,0.5494071841239929,2
38,1830,990,2000,1087,0.5432969331741333,2
38,1422,538,1588,627,0.4391908049583435,2
38,108,421,168,464,0.36472088098526,2
38,1977,473,2046,522,0.31816065311431885,2
39,1451,532,1599,617,0.8189192414283752,2
39,1445,813,1562,883,0.7631732821464539,2
39,127,534,199,584,0.6623386740684509,2
39,331,440,424,502,0.6595283150672913,2
39,201,534,273,583,0.6183233857154846,2
39,1864,997,2031,1092,0.5754846334457397,2
39,1922,448,1982,503,0.5754461288452148,2
39,26,469,85,519,0.5027042627334595,2
39,107,421,165,463,0.45949313044548035,2
39,1971,480,2066,540,0.33042821288108826,2
40,1479,825,1590,891,0.843519926071167,2
40,1464,532,1608,617,0.825613260269165,2
40,135,534,206,584,0.6922050714492798,2
40,336,439,423,501,0.6314161419868469,2
40,1922,448,1981,505,0.612636387348175,2
40,1887,1008,2067,1101,0.5623578429222107,2
40,107,422,163,463,0.49646517634391785,2
40,11,471,71,525,0.48974260687828064,2
40,206,538,274,586,0.4554615318775177,2
40,1977,481,2068,539,0.3414083421230316,2
41,1502,832,1616,892,0.8020728230476379,2
41,1472,533,1619,616,0.7793670296669006,2
41,136,536,212,587,0.7684630751609802,2
41,1921,447,1980,508,0.6795153617858887,2
41,329,437,425,503,0.6355702877044678,2
41,1925,1020,2106,1108,0.6252384781837463,2
41,10,470,68,524,0.572572648525238,2
41,104,422,159,465,0.5232212543487549,2
41,194,537,292,591,0.384896457195282,2
41,1973,478,2066,541,0.34117114543914795,2
42,1521,835,1641,897,0.7049821019172668,2
42,138,541,209,591,0.6817487478256226,2
42,1919,445,1981,507,0.6764015555381775,2
42,0,480,54,539,0.6358228325843811,2
42,1480,529,1635,609,0.6333291530609131,2
42,328,441,424,504,0.6032061576843262,2
42,103,422,161,464,0.5824489593505859,2
42,1954,1026,2142,1118,0.49926167726516724,2
42,234,542,303,588,0.415610671043396,2
42,1972,471,2047,526,0.4074257016181946,2
42,197,537,289,592,0.3405504822731018,2
43,1552,844,1675,903,0.7278299927711487,2
43,156,540,225,593,0.7071232199668884,2
43,1917,448,1981,507,0.6619548201560974,2
43,1,478,53,539,0.651445746421814,2
43,1509,531,1649,615,0.6099251508712769,2
43,96,422,156,462,0.5858199596405029,2
43,341,448,423,504,0.5802955031394958,2
43,1981,1032,2183,1132,0.49869683384895325,2
43,250,546,302,590,0.40024876594543457,2
43,1975,472,2047,525,0.3907678425312042,2
44,1572,851,1703,914,0.8082018494606018,2
44,2,476,54,541,0.6670212149620056,2
44,1527,530,1657,610,0.653755247592926,2
44,162,541,228,594,0.6310677528381348,2
44,1915,448,1979,508,0.6269588470458984,2
44,2029,1039,2221,1143,0.5989400148391724,2
44,95,422,154,462,0.5587214231491089,2
44,303,442,401,500,0.546543300151825,2
44,1980,473,2052,525,0.3545285761356354,2
45,1596,856,1735,921,0.7520632147789001,2
45,3,478,56,544,0.735374927520752,2
45,95,422,157,464,0.6122786402702332,2
45,1913,447,1975,506,0.5955755710601807,2
45,174,548,228,599,0.5646967887878418,2
45,2054,1045,2261,1153,0.5512719750404358,2
45,1534,526,1674,607,0.5503288507461548,2
45,338,448,418,504,0.5485497117042542,2
45,259,547,318,595,0.4509774148464203,2
45,1548,508,1638,568,0.34036874771118164,2
46,1222,95,1257,159,0.4181704521179199,0
46,1627,862,1769,935,0.7851667404174805,2
46,3,486,58,548,0.7649552226066589,2
46,100,422,160,463,0.6509948372840881,2
46,1557,525,1699,609,0.628783643245697,2
46,185,550,244,599,0.5914809107780457,2
46,1913,446,1979,507,0.5572354793548584,2
46,334,448,421,501,0.5302736163139343,2
46,2095,1062,2307,1164,0.4989679753780365,2
46,1018,895,1126,1029,0.3689831495285034,2
46,270,554,333,604,0.3679455518722534,2
47,1587,516,1624,564,0.36662557721138,0
47,1223,116,1263,190,0.32837212085723877,0
47,1583,535,1695,598,0.3905002772808075,1
47,1659,873,1803,944,0.7519540190696716,2
47,5,490,60,552,0.7501997947692871,2
47,103,423,160,463,0.5930850505828857,2
47,329,446,422,502,0.5631853938102722,2
47,184,549,248,599,0.5340275168418884,2
47,1909,446,1978,508,0.5135455131530762,2
47,2130,1068,2344,1176,0.48499795794487,2
47,2023,480,2127,546,0.44085192680358887,2
47,1573,525,1706,602,0.4061509072780609,2
47,1017,890,1127,1031,0.3409387767314911,2
48,1224,116,1262,188,0.33710846304893494,0
48,1692,876,1833,952,0.7921949028968811,2
48,9,496,68,558,0.7643406391143799,2
48,1908,447,1974,508,0.5766530632972717,2
48,329,446,420,500,0.5590140223503113,2
48,109,426,160,463,0.5363805294036865,2
48,195,555,256,604,0.5226004123687744,2
48,293,555,349,602,0.4826710522174835,2
48,1580,522,1717,602,0.45287907123565674,2
48,2170,1076,2393,1195,0.4104881286621094,2
48,2026,480,2130,547,0.34589487314224243,2
48,1609,514,1702,576,0.3101236820220947,2
48,258,435,324,479,0.3039931356906891,2
49,12,495,74,557,0.7353754639625549,2
49,1719,879,1862,956,0.7013725638389587,2
49,1910,449,1972,505,0.6295170783996582,2
49,328,442,420,501,0.5940676927566528,2
49,113,427,160,464,0.553544282913208,2
49,2209,1086,2434,1200,0.5045275092124939,2
49,200,557,266,605,0.48195362091064453,2
49,1608,507,1711,573,0.4361732304096222,2
49,1577,519,1744,604,0.3868890404701233,2
49,2031,480,2130,544,0.368990421295166,2
49,262,432,330,478,0.310597687959671,2
50,24,504,83,564,0.7550874352455139,2
50,1750,886,1895,968,0.6708511114120483,2
50,106,425,162,466,0.6125941872596741,2
50,329,441,420,501,0.5965078473091125,2
50,1906,449,1972,508,0.5002447366714478,2
50,208,560,271,610,0.4968056082725525,2
50,2249,1096,2483,1208,0.48693159222602844,2
50,1621,505,1751,589,0.46800845861434937,2
51,1710,511,1750,561,0.38187700510025024,0
51,1222,97,1257,159,0.3452211320400238,0
51,1636,513,1688,566,0.30093371868133545,0
51,1643,531,1747,588,0.5195896625518799,1
51,316,564,364,611,0.3477008640766144,1
51,26,505,92,565,0.7851751446723938,2
51,1786,899,1934,974,0.6723227500915527,2
51,219,561,284,611,0.6702885031700134,2
51,1898,450,1959,506,0.605853796005249,2
51,105,425,161,466,0.5786418914794922,2
51,330,442,420,500,0.5305719971656799,2
51,1634,509,1759,583,0.38147273659706116,2
51,2294,1113,2530,1223,0.3728111982345581,2
52,1701,508,1763,568,0.3089715540409088,0
52,31,504,96,563,0.7727538347244263,2
52,1640,510,1769,583,0.6908870935440063,2
52,1819,905,1963,984,0.6708912253379822,2
52,1894,449,1957,507,0.6040040254592896,2
52,102,424,161,466,0.5911044478416443,2
52,330,443,421,503,0.5665289759635925,2
52,231,563,299,614,0.5437990427017212,2
52,2340,1121,2589,1229,0.3200460374355316,2
53,1659,531,1764,585,0.3173487186431885,1
53,38,504,107,567,0.8205647468566895,2
53,1843,912,2006,998,0.684532880783081,2
53,1891,448,1957,507,0.6819092035293579,2
53,101,424,160,466,0.5985050797462463,2
53,326,442,423,504,0.524548351764679,2
53,237,565,294,615,0.5192996859550476,2
53,1648,509,1778,580,0.39694449305534363,2
54,1776,507,1814,557,0.3706527650356293,0
54,1683,507,1739,562,0.32499635219573975,0
54,1700,535,1780,579,0.44679373502731323,1
54,43,508,115,570,0.8341168761253357,2
54,1878,922,2043,1007,0.6878238916397095,2
54,1888,451,1959,508,0.6524091362953186,2
54,241,568,307,619,0.5945205688476562,2
54,101,423,162,466,0.5399071574211121,2
54,306,440,403,499,0.5020828247070312,2
54,2410,1142,2687,1273,0.30842363834381104,2
55,1769,507,1810,557,0.4668784439563751,0
55,1686,507,1727,556,0.34744149446487427,0
55,1705,534,1793,580,0.3574793040752411,1
55,53,509,122,573,0.8702346682548523,2
55,1881,450,1958,507,0.6991651058197021,2
55,93,421,159,468,0.5894815325737,2
55,305,440,409,504,0.5672919750213623,2
55,1913,932,2080,1007,0.5610753893852234,2
55,242,567,311,620,0.5112345814704895,2
55,55,415,131,464,0.30380767583847046,2
56,1771,507,1814,561,0.5214968919754028,0
56,57,512,129,577,0.8813492059707642,2
56,1880,450,1958,508,0.7800559997558594,2
56,255,565,316,617,0.6941871643066406,2
56,90,420,159,468,0.6018955111503601,2
56,323,445,423,508,0.580444872379303,2
56,1711,510,1805,569,0.5124596953392029,2
56,1943,937,2118,1019,0.4995027482509613,2
56,54,416,131,464,0.32203036546707153,2
57,1762,505,1821,562,0.4063548445701599,0
57,1878,452,1954,509,0.8177366852760315,2
57,62,512,136,579,0.8134408593177795,2
57,98,421,160,468,0.6542927026748657,2
57,1706,506,1820,565,0.634280264377594,2
57,319,442,424,507,0.5991947054862976,2
57,1992,945,2159,1027,0.5033714175224304,2
57,271,574,332,625,0.4669281244277954,2
58,1763,537,1829,578,0.35305431485176086,1
58,1876,452,1955,511,0.8359025716781616,2
58,72,515,142,582,0.8203586935997009,2
58,98,421,158,468,0.6917255520820618,2
58,305,436,410,505,0.5970790386199951,2
58,2030,955,2189,1033,0.5911498665809631,2
58,277,573,331,624,0.3584320545196533,2
59,1764,538,1831,577,0.36907702684402466,1
59,1874,452,1955,511,0.8518505692481995,2
59,78,515,149,581,0.8030418157577515,2
59,95,421,159,470,0.6281542778015137,2
59,307,434,408,504,0.6157339215278625,2
59,2066,964,2236,1051,0.5464109778404236,2
59,404,551,488,609,0.3952736556529999,2
60,1766,506,1846,561,0.3562161326408386,1
60,1873,452,1949,508,0.8539045453071594,2
60,81,527,160,587,0.7969222068786621,2
60,94,420,160,470,0.6437633633613586,2
60,2094,973,2280,1060,0.627993106842041,2
60,304,434,408,504,0.6241810321807861,2
60,2087,473,2150,520,0.32027003169059753,2
61,1770,509,1854,565,0.3470543920993805,1
61,1870,454,1946,511,0.8268733620643616,2
61,94,529,165,588,0.8216981887817383,2
61,300,431,408,504,0.6863624453544617,2
61,92,422,159,470,0.6361905336380005,2
61,2144,983,2320,1076,0.5955740809440613,2
62,101,530,173,588,0.8721221685409546,2
62,1868,451,1947,508,0.804628312587738,2
62,304,433,408,503,0.6502474546432495,2
62,2189,991,2371,1080,0.5622296333312988,2
62,96,421,160,467,0.5503588914871216,2
62,391,538,457,588,0.4173782169818878,2
62,51,419,127,465,0.3067057430744171,2
62,768,462,843,526,0.30668577551841736,2
62,1805,505,1873,559,0.30161282420158386,2
63,1807,507,1879,558,0.31075137853622437,1
63,108,530,180,588,0.8696837425231934,2
63,1860,453,1942,505,0.7864176034927368,2
63,293,433,410,503,0.6937065720558167,2
63,2227,997,2410,1084,0.5833823680877686,2
63,91,419,158,465,0.5184037089347839,2
63,54,419,135,465,0.3478563725948334,2
63,367,532,451,584,0.34120839834213257,2
64,1797,502,1837,550,0.3320588767528534,0
64,113,528,186,588,0.8365097641944885,2
64,1853,448,1939,513,0.7424455285072327,2
64,297,428,408,499,0.5670462250709534,2
64,2268,1003,2453,1092,0.5577846169471741,2
64,376,522,433,577,0.55001300573349,2
64,102,418,162,464,0.476462185382843,2
65,1801,503,1835,549,0.3370073139667511,0
65,123,532,195,593,0.8344587087631226,2
65,1848,445,1938,516,0.7409436106681824,2
65,303,430,410,499,0.5831661820411682,2
65,98,417,163,466,0.5093649625778198,2
65,2298,1015,2497,1107,0.4656125009059906,2
66,127,534,201,593,0.8912668228149414,2
66,1843,444,1941,528,0.7402061820030212,2
66,92,417,160,465,0.6625723838806152,2
66,306,430,406,498,0.6362103819847107,2
66,2345,1026,2549,1117,0.4953700006008148,2
66,360,522,413,571,0.35542309284210205,2
66,1848,479,1938,549,0.3487887978553772,2
67,133,540,207,597,0.9012081623077393,2
67,97,417,158,464,0.7129639387130737,2
67,306,432,405,498,0.6241312026977539,2
67,1842,475,1944,551,0.5906927585601807,2
67,2398,1039,2608,1134,0.5439757704734802,2
67,345,521,403,573,0.4988223910331726,2
67,1820,451,1931,526,0.39472395181655884,2
68,132,538,215,597,0.8878465294837952,2
68,303,429,405,499,0.6960244178771973,2
68,1836,451,1941,529,0.6715240478515625,2
68,102,419,158,463,0.6288142800331116,2
68,2447,1050,2659,1145,0.43159931898117065,2
69,143,542,216,600,0.8729094862937927,2
69,305,428,399,497,0.6775940656661987,2
69,322,520,376,563,0.6014756560325623,2
69,1838,451,1937,522,0.5826420783996582,2
69,104,422,158,463,0.5265240669250488,2
69,1862,484,1948,549,0.4388104975223541,2
69,2502,1067,2701,1155,0.3463863730430603,2
69,255,434,323,482,0.3173971474170685,2
70,142,543,228,604,0.8810497522354126,2
70,1840,455,1940,525,0.6212247610092163,2
70,288,430,405,501,0.5473924875259399,2
70,106,421,157,463,0.5473376512527466,2
70,1867,483,1951,544,0.487033486366272,2
70,311,517,370,563,0.41875889897346497,2
70,2560,1075,2713,1156,0.3639675974845886,2
71,153,545,228,605,0.878557562828064,2
71,280,434,405,505,0.6151373386383057,2
71,100,420,154,463,0.613010048866272,2
71,289,517,356,564,0.6039635539054871,2
71,1823,451,1925,517,0.47648438811302185,2
71,1880,489,1951,546,0.41717004776000977,2
71,261,439,341,493,0.3114977478981018,2
72,155,549,238,611,0.8952428102493286,2
72,286,435,399,501,0.7397639155387878,2
72,285,518,347,565,0.5940569043159485,2
72,1825,453,1923,519,0.5354796051979065,2
73,164,551,237,612,0.8767442107200623,2
73,289,441,393,502,0.6974259614944458,2
73,1829,454,1918,520,0.6785943508148193,2
73,277,516,331,560,0.37192827463150024,2
73,2137,476,2192,518,0.33537447452545166,2
74,163,554,244,618,0.824237048625946,2
74,289,433,397,505,0.7184156179428101,2
74,1821,454,1917,521,0.6873627305030823,2
74,97,422,151,466,0.31410491466522217,2
75,274,514,316,556,0.3349587023258209,1
75,176,555,248,620,0.8524896502494812,2
75,288,433,395,505,0.7740070223808289,2
75,1925,493,1995,546,0.5399844646453857,2
75,1821,458,1906,516,0.5136939883232117,2
75,334,449,412,511,0.3220641016960144,2
76,1215,79,1247,134,0.4229661226272583,0
76,182,555,256,619,0.8322116136550903,2
76,287,435,393,502,0.7574275135993958,2
76,1825,458,1905,522,0.6762346625328064,2
76,1931,492,1992,546,0.5547422766685486,2
77,183,558,261,623,0.8319870233535767,2
77,296,443,392,505,0.7814995050430298,2
77,1821,458,1906,523,0.7613934278488159,2
77,1932,490,1996,544,0.5709677338600159,2
78,1817,460,1902,523,0.8452255129814148,2
78,284,438,392,504,0.8038286566734314,2
78,190,562,266,625,0.7774007320404053,2
78,38,413,129,465,0.3728504180908203,2
79,1811,462,1901,524,0.8549384474754333,2
79,193,568,271,629,0.8222226500511169,2
79,284,439,394,504,0.8024652600288391,2
79,34,413,131,462,0.44502022862434387,2
79,1947,489,2006,536,0.35383307933807373,2
80,1805,460,1899,527,0.883910059928894,2
80,283,439,385,503,0.8121254444122314,2
80,205,571,277,630,0.8007624745368958,2
80,202,513,259,561,0.3348369896411896,2
80,28,415,121,464,0.3116677403450012,2
81,1793,462,1889,526,0.8186054825782776,2
81,279,439,382,507,0.8038970828056335,2
81,198,578,285,643,0.7754921913146973,2
81,30,414,109,465,0.6719462871551514,2
81,183,498,242,551,0.5653543472290039,2
81,1983,496,2048,543,0.4048633873462677,2
82,196,581,282,645,0.8300266861915588,2
82,1782,459,1896,529,0.7582520842552185,2
82,267,441,378,510,0.7003560066223145,2
82,162,495,219,549,0.5611044764518738,2
82,18,415,101,467,0.5181765556335449,2
82,1986,496,2048,543,0.31369754672050476,2
83,184,582,266,645,0.8127714991569519,2
83,1764,460,1861,527,0.7968663573265076,2
83,246,431,350,508,0.7071625590324402,2
83,21,418,96,469,0.3677196502685547,2
83,1988,496,2046,542,0.3166106045246124,2
83,136,492,193,546,0.30915361642837524,2
84,162,587,245,650,0.7935448884963989,2
84,1742,460,1828,529,0.7864014506340027,2
84,227,444,328,512,0.6161600351333618,2
84,1980,495,2045,541,0.4634896516799927,2
84,100,503,150,550,0.3803691267967224,2
84,13,420,63,472,0.35087811946868896,2
85,142,598,231,669,0.8980848789215088,2
85,1716,463,1815,529,0.802090048789978,2
85,194,441,305,521,0.7332747578620911,2
86,116,610,211,675,0.8516753911972046,2
86,1688,470,1780,530,0.7043547630310059,2
86,167,447,274,529,0.6273911595344543,2
86,142,433,244,514,0.3464963436126709,2
86,1949,502,2006,551,0.3426153361797333,2
87,104,607,197,682,0.8378768563270569,2
87,120,446,249,535,0.7518148422241211,2
87,1663,469,1755,528,0.666118860244751,2
87,1936,496,2009,546,0.5098194479942322,2
87,1956,487,2025,532,0.30233702063560486,2
88,96,616,185,686,0.8472612500190735,2
88,114,456,233,533,0.7675297260284424,2
88,1649,476,1739,538,0.6698123812675476,2
88,1931,494,1999,543,0.4579048156738281,2
88,95,478,196,539,0.30931809544563293,2
89,82,620,175,687,0.7548159956932068,2
89,1626,475,1734,543,0.6819351315498352,2
89,1924,492,1996,543,0.6629133224487305,2
89,91,452,203,535,0.618570864200592,2
90,83,628,185,697,0.7609572410583496,2
90,87,449,203,537,0.6666942238807678,2
90,1621,477,1706,541,0.5938552618026733,2
90,1930,493,2003,544,0.5425692200660706,2
90,1951,485,2030,534,0.3700934052467346,2
90,1612,466,1750,555,0.330633282661438,2
91,86,449,197,535,0.7253549098968506,2
91,97,627,192,698,0.714958667755127,2
91,1931,493,2003,544,0.6454136967658997,2
91,1618,477,1705,541,0.6241757869720459,2
91,1953,485,2029,533,0.3128572106361389,2
92,1067,95,1101,154,0.32959258556365967,0
92,84,451,197,534,0.727318525314331,2
92,104,629,196,696,0.6083469986915588,2
92,1618,473,1705,525,0.5370596051216125,2
92,1936,492,2010,543,0.4812845289707184,2
92,1957,485,2028,532,0.45721471309661865,2
92,1635,482,1724,543,0.31722527742385864,2
93,87,453,194,534,0.716655433177948,2
93,1605,480,1704,541,0.6181176900863647,2
93,115,630,211,694,0.6017987132072449,2
93,1959,487,2029,534,0.44996771216392517,2
93,1936,492,2008,541,0.37170180678367615,2
94,81,450,199,535,0.7707204222679138,2
94,1600,477,1703,540,0.7225197553634644,2
94,121,631,217,693,0.6261277198791504,2
94,1933,489,2010,539,0.5365186333656311,2
95,83,446,201,535,0.7687550187110901,2
95,1596,480,1699,545,0.7290837168693542,2
95,130,633,220,695,0.5481752157211304,2
95,1963,488,2032,534,0.4277098476886749,2
95,1928,492,1996,540,0.38733136653900146,2
96,81,449,197,533,0.7920977473258972,2
96,1588,479,1697,544,0.7563592791557312,2
96,1965,489,2039,535,0.46098849177360535,2
96,146,632,231,697,0.37802091240882874,2
97,87,448,193,534,0.7750120162963867,2
97,1580,486,1689,547,0.6906359791755676,2
97,1977,491,2043,535,0.4108102321624756,2
98,88,454,195,534,0.8063464760780334,2
98,1573,484,1690,549,0.6765414476394653,2
98,1981,493,2045,538,0.47266536951065063,2
99,85,451,192,534,0.7782658338546753,2
99,1567,483,1655,543,0.7472125887870789,2
99,1988,492,2050,535,0.4091265797615051,2
99,1560,475,1704,559,0.3925827443599701,2
100,1563,484,1652,545,0.7901923656463623,2
100,79,452,196,534,0.7773604393005371,2
100,2018,487,2073,528,0.3628881275653839,2
100,1555,476,1704,561,0.35696226358413696,2
101,76,452,196,534,0.7804832458496094,2
101,1557,484,1647,547,0.7732395529747009,2
101,2017,487,2074,528,0.37872567772865295,2
102,73,456,195,534,0.7668432593345642,2
102,1553,486,1643,547,0.7240612506866455,2
102,1583,495,1670,552,0.47597625851631165,2
102,2020,488,2077,529,0.4310360848903656,2
102,764,439,855,510,0.3028142750263214,2
103,1158,1198,1217,1293,0.30462342500686646,0
103,1545,486,1650,550,0.7740933299064636,2
103,78,458,191,531,0.7502350211143494,2
103,2020,488,2075,530,0.4353838264942169,2
103,1581,496,1673,556,0.34837913513183594,2
104,1532,484,1645,553,0.7706964015960693,2
104,80,456,189,531,0.7477043271064758,2
104,2024,488,2082,531,0.46421554684638977,2
105,80,453,186,532,0.7303927540779114,2
105,1534,492,1640,553,0.6073406338691711,2
105,2029,487,2089,530,0.4285246729850769,2
106,76,450,188,532,0.7569593787193298,2
106,1520,492,1594,549,0.728971540927887,2
106,1551,501,1631,557,0.5853243470191956,2
106,2034,487,2095,529,0.5358182191848755,2
107,72,446,192,533,0.7812000513076782,2
107,1514,492,1592,551,0.7780643105506897,2
107,1545,503,1623,558,0.5058442950248718,2
107,2035,488,2098,529,0.4026585817337036,2
108,1150,1208,1209,1304,0.40375298261642456,0
108,1505,494,1589,554,0.8125491142272949,2
108,73,448,191,533,0.7995737195014954,2
108,1536,502,1622,559,0.4491650462150574,2
108,2045,488,2105,529,0.4333483576774597,2
109,1496,493,1598,554,0.8070436716079712,2
109,67,449,191,534,0.7597073316574097,2
109,1530,504,1625,561,0.42298611998558044,2
109,2038,489,2097,528,0.3592725992202759,2
110,1149,1214,1208,1307,0.4435829520225525,0
110,1493,493,1595,556,0.8072060942649841,2
110,66,451,192,534,0.724396824836731,2
110,2043,489,2101,528,0.39796265959739685,2
110,2071,489,2120,527,0.33887869119644165,2
110,923,433,1012,498,0.3048662841320038,2
111,1488,490,1596,557,0.8235344290733337,2
111,68,452,189,532,0.7436304688453674,2
111,2043,489,2101,527,0.3832642734050751,2
111,2071,489,2120,527,0.30427995324134827,2
111,764,436,848,502,0.3018417954444885,2
112,74,454,183,532,0.7445475459098816,2
112,1485,496,1597,561,0.725384533405304,2
113,77,456,182,531,0.7687723636627197,2
113,1477,498,1588,560,0.684074878692627,2
114,76,455,182,531,0.7922108769416809,2
114,1456,488,1553,562,0.7795190811157227,2
115,67,455,185,533,0.8024126291275024,2
115,1450,489,1556,560,0.7790648341178894,2
115,529,561,606,630,0.4303678274154663,2
116,64,454,186,533,0.8026827573776245,2
116,1441,488,1564,566,0.802448034286499,2
117,1433,490,1562,568,0.8088710904121399,2
117,64,447,186,534,0.7896335124969482,2
118,64,451,178,531,0.7427201271057129,2
118,1414,493,1554,569,0.7288709878921509,2
118,761,433,846,497,0.3241446018218994,2
119,1133,1222,1190,1318,0.38259750604629517,0
119,1404,495,1507,568,0.707166850566864,2
119,64,452,165,529,0.4793590307235718,2
120,1031,95,1071,152,0.4113370180130005,0
120,1021,117,1078,171,0.37110745906829834,1
120,1377,495,1508,570,0.741924524307251,2
120,23,460,145,529,0.6092720627784729,2
121,1354,493,1492,575,0.7798157334327698,2
121,11,453,115,533,0.4991035759449005,2
122,988,88,1026,147,0.4759533107280731,0
122,1320,489,1457,574,0.7879833579063416,2
122,0,442,90,534,0.397918164730072,2
123,980,93,1017,151,0.3110973536968231,0
123,1306,490,1449,575,0.8395550847053528,2
123,0,450,82,535,0.49066445231437683,2
124,1304,496,1439,575,0.772894561290741,2
124,0,451,78,535,0.462950736284256,2
124,1931,476,1983,518,0.36358335614204407,2
125,1291,494,1444,584,0.7259427905082703,2
125,0,454,79,534,0.45186927914619446,2
126,970,91,1003,148,0.32680436968803406,0
126,1277,494,1413,584,0.7102178931236267,2
126,0,454,81,535,0.48900192975997925,2
127,979,92,1013,148,0.32886600494384766,0
127,1269,493,1424,586,0.7925468683242798,2
127,0,455,77,536,0.4589354395866394,2
128,978,96,1014,156,0.3856419324874878,0
128,1252,495,1415,589,0.858051061630249,2
128,1,452,76,535,0.4188217222690582,2
129,1244,495,1392,591,0.7651697397232056,2
129,2,451,75,535,0.46949341893196106,2
130,1240,498,1391,590,0.7035083770751953,2
130,3,453,72,533,0.39920568466186523,2
130,1387,944,1522,1015,0.39807501435279846,2
131,1917,488,1963,524,0.32112056016921997,1
131,1228,500,1361,586,0.6883628964424133,2
131,1414,941,1559,1028,0.37023016810417175,2
131,3,451,71,532,0.35173487663269043,2
131,2085,480,2139,518,0.3014749586582184,2
132,1450,946,1599,1039,0.31453073024749756,1
132,1915,487,1966,525,0.3033761978149414,1
132,1220,498,1368,588,0.7943899035453796,2
132,2,453,71,533,0.34689196944236755,2
133,1473,954,1637,1047,0.4169260561466217,1
133,1209,499,1369,590,0.8046941161155701,2
133,2,455,72,532,0.355692595243454,2
134,1512,961,1670,1056,0.6635795831680298,1
134,1196,497,1362,592,0.8899334669113159,2
134,1,455,73,532,0.3852165937423706,2
135,1555,976,1708,1062,0.4210808277130127,1
135,1187,501,1354,592,0.824652910232544,2
135,2,453,70,533,0.42379650473594666,2
136,1179,501,1342,592,0.7444553971290588,2
136,2,454,72,534,0.45812729001045227,2
137,1172,516,1307,598,0.7550932765007019,2
137,2,459,72,534,0.41432875394821167,2
137,1615,994,1788,1087,0.37448596954345703,2
138,1156,517,1298,597,0.7916005849838257,2
138,3,459,66,535,0.49458080530166626,2
138,1658,1001,1823,1090,0.42410585284233093,2
139,1147,518,1296,598,0.7832457423210144,2
139,3,462,63,535,0.4739784598350525,2
139,1678,1010,1859,1099,0.4594768285751343,2
140,1127,504,1293,594,0.7714112997055054,2
140,1719,1019,1896,1108,0.6024836301803589,2
140,3,460,59,535,0.4141426980495453,2
140,647,431,750,502,0.36236894130706787,2
141,1028,1244,1082,1322,0.3254624009132385,0
141,1103,514,1267,600,0.8217854499816895,2
141,1750,1029,1932,1112,0.3931819498538971,2
141,655,435,755,504,0.32641756534576416,2
142,1027,1243,1077,1319,0.4205695390701294,0
142,1094,516,1247,600,0.8390619158744812,2
142,1771,1033,1977,1131,0.41284918785095215,2
142,597,429,724,519,0.3713289797306061,2
143,1090,516,1240,601,0.7939811944961548,2
143,1824,1037,2015,1133,0.5424265265464783,2
143,595,428,720,519,0.35743167996406555,2
144,1051,515,1212,601,0.8109152317047119,2
144,595,427,716,515,0.4399704039096832,2
144,1863,1047,2048,1142,0.4296307861804962,2
145,1039,515,1204,603,0.8347684741020203,2
145,589,427,713,513,0.5090270042419434,2
145,1898,1057,2087,1156,0.43429476022720337,2
146,1033,517,1196,605,0.8269404172897339,2
146,1926,1069,2133,1165,0.5506677627563477,2
146,581,427,708,514,0.4688373804092407,2
147,1002,1245,1054,1320,0.4577586054801941,0
147,2634,997,2718,1068,0.3047862946987152,1
147,1020,512,1200,607,0.8283279538154602,2
147,1972,1079,2182,1168,0.47694048285484314,2
147,579,428,711,516,0.4520219564437866,2
148,1002,1245,1056,1320,0.3160063624382019,0
148,1001,516,1158,605,0.760739803314209,2
148,2028,1087,2236,1189,0.5070180892944336,2
148,579,427,711,515,0.4692322909832001,2
149,1003,1245,1057,1318,0.3971811830997467,0
149,988,516,1161,608,0.8198884129524231,2
149,2075,1094,2289,1199,0.5479341149330139,2
149,579,426,709,515,0.45024582743644714,2
150,978,518,1154,610,0.8662739396095276,2
150,2121,1107,2332,1213,0.6091222763061523,2
150,575,427,707,517,0.45109155774116516,2
151,973,515,1156,613,0.8476663827896118,2
151,2173,1124,2383,1222,0.4810520112514496,2
151,572,428,709,519,0.468765527009964,2
152,976,525,1142,616,0.7705037593841553,2
152,571,428,707,519,0.4526346027851105,2
152,1230,941,1398,1049,0.43829017877578735,2
152,2216,1134,2455,1243,0.4237673282623291,2
152,950,921,1115,1037,0.39772287011146545,2
152,939,527,1036,615,0.3548043966293335,2
153,1263,946,1429,1059,0.36568552255630493,1
153,940,519,1116,620,0.7933557033538818,2
153,970,917,1144,1046,0.5989696979522705,2
153,552,432,673,522,0.45154574513435364,2
153,1834,486,1895,526,0.30716371536254883,2
153,2262,1141,2510,1256,0.30681076645851135,2
154,1291,952,1460,1066,0.6192107796669006,1
154,928,525,1116,624,0.8731334805488586,2
154,995,921,1173,1052,0.7959516644477844,2
154,550,430,672,521,0.4339762330055237,2
154,2351,966,2531,1054,0.322582870721817,2
155,915,522,1106,627,0.8680775165557861,2
155,1031,927,1207,1059,0.8339537978172302,2
155,548,429,667,520,0.4156477451324463,2
155,1319,962,1490,1069,0.3505905866622925,2
156,1352,968,1514,1077,0.379669725894928,1
156,2300,951,2437,1029,0.3697251081466675,1
156,909,520,1099,629,0.826967716217041,2
156,1052,942,1233,1067,0.8067770004272461,2
156,1352,973,1508,1085,0.41267096996307373,2
156,547,428,660,521,0.36632978916168213,2
157,2264,942,2408,1022,0.4507923722267151,1
157,1369,978,1550,1091,0.3977949917316437,1
157,893,528,1060,631,0.8164173364639282,2
157,1087,950,1278,1074,0.8122076988220215,2
157,546,430,666,521,0.3948866128921509,2
157,1387,978,1550,1093,0.34407612681388855,2
158,1416,989,1587,1098,0.6472939252853394,1
158,881,529,1052,633,0.8431668281555176,2
158,1125,954,1310,1084,0.7946230173110962,2
158,548,430,669,521,0.3349781036376953,2
159,871,525,1057,636,0.8426195383071899,2
159,1452,998,1621,1106,0.8060474991798401,2
159,1155,964,1340,1094,0.7721804976463318,2
159,603,435,698,510,0.338544636964798,2
160,861,523,1056,638,0.8647552728652954,2
160,1193,967,1381,1102,0.8491780757904053,2
160,1481,1006,1667,1121,0.7600702047348022,2
160,584,429,710,519,0.3605632483959198,2
161,1229,979,1421,1109,0.8365387320518494,2
161,853,533,1048,641,0.8323277235031128,2
161,1510,1014,1703,1124,0.7830724120140076,2
161,585,429,713,519,0.3487948477268219,2
162,904,92,942,152,0.3199135363101959,0
162,827,531,1027,644,0.8431158065795898,2
162,1258,990,1447,1115,0.7895426750183105,2
162,1550,1021,1748,1143,0.6976526379585266,2
163,905,93,943,153,0.34244927763938904,0
163,815,528,1024,645,0.8913386464118958,2
163,1297,998,1495,1123,0.8266382813453674,2
163,1592,1027,1782,1145,0.7155182957649231,2
164,903,92,942,155,0.39989766478538513,0
164,2036,917,2172,993,0.3786610960960388,1
164,896,113,949,173,0.33452481031417847,1
164,803,535,1014,647,0.8748248815536499,2
164,1339,1006,1532,1134,0.8059112429618835,2
164,1636,1044,1825,1155,0.7363404631614685,2
164,608,436,697,512,0.3255314230918884,2
165,902,91,941,152,0.37450581789016724,0
165,794,537,1009,649,0.8595292568206787,2
165,1663,1052,1861,1160,0.8355578184127808,2
165,1374,1014,1579,1154,0.7935190200805664,2
165,2005,912,2143,989,0.3525000512599945,2
165,611,437,695,511,0.3098456859588623,2
166,1979,908,2111,988,0.35118135809898376,1
166,770,535,972,649,0.8653178215026855,2
166,1413,1017,1604,1164,0.7761245369911194,2
166,1707,1063,1902,1172,0.7406527400016785,2
167,1948,899,2074,977,0.5610821843147278,1
167,760,539,977,650,0.8393343091011047,2
167,1455,1033,1660,1173,0.7696757316589355,2
167,1748,1072,1945,1178,0.755649983882904,2
168,1913,896,2045,971,0.43064191937446594,1
168,749,542,973,652,0.814834713935852,2
168,1497,1047,1709,1187,0.7498886585235596,2
168,1789,1076,1993,1197,0.6387907266616821,2
168,745,566,863,657,0.3416479229927063,2
168,827,576,967,651,0.3360196650028229,2
169,1884,888,2014,966,0.4812942147254944,1
169,737,542,961,655,0.8714293241500854,2
169,1823,1083,2035,1200,0.7219012379646301,2
169,1539,1053,1750,1194,0.7169943451881409,2
169,451,432,563,527,0.32409825921058655,2
169,590,431,714,522,0.31880465149879456,2
170,1855,882,1984,952,0.5203621983528137,1
170,716,543,921,655,0.8103457093238831,2
170,1582,1061,1795,1211,0.7451637983322144,2
170,1874,1094,2085,1210,0.7192344665527344,2
170,444,429,555,527,0.36796829104423523,2
171,1825,880,1957,950,0.4158940613269806,1
171,696,542,930,661,0.847817599773407,2
171,1625,1067,1843,1218,0.7328344583511353,2
171,1920,1103,2137,1223,0.7261812090873718,2
172,1792,877,1924,947,0.5164986848831177,1
172,680,541,919,664,0.8741772770881653,2
172,1674,1084,1896,1228,0.6959067583084106,2
172,1965,1115,2183,1229,0.6343012452125549,2
173,1755,873,1894,946,0.34976592659950256,1
173,670,541,915,663,0.819570004940033,2
173,1722,1098,1950,1241,0.6397613883018494,2
173,2015,1123,2234,1253,0.6312215924263,2
174,650,546,888,678,0.8209646344184875,2
174,2058,1125,2293,1258,0.6656815409660339,2
174,1777,1105,2000,1248,0.6606614589691162,2
174,1735,867,1870,942,0.43732282519340515,2
175,635,547,884,681,0.8325267434120178,2
175,2115,1139,2349,1270,0.7490429282188416,2
175,1823,1113,2057,1265,0.623948872089386,2
175,1704,861,1836,935,0.4654388427734375,2
176,883,91,928,157,0.36997491121292114,0
176,617,550,871,683,0.8237454295158386,2
176,2154,1144,2393,1278,0.7030438184738159,2
176,1868,1116,2090,1270,0.6421761512756348,2
176,1675,850,1798,927,0.6387465000152588,2
177,881,90,928,158,0.36807501316070557,0
177,598,543,841,684,0.7949482202529907,2
177,1916,1128,2145,1280,0.591570258140564,2
177,2201,1159,2459,1287,0.5861431360244751,2
177,1648,850,1769,918,0.4446747601032257,2
177,1885,478,1938,516,0.30934497714042664,2
178,590,548,838,686,0.8003859519958496,2
178,1973,1149,2221,1297,0.6128419637680054,2
178,2260,1166,2506,1315,0.5530171990394592,2
178,1630,847,1741,908,0.367623895406723,2
179,566,551,827,693,0.8156575560569763,2
179,2012,1158,2258,1309,0.663628101348877,2
179,2311,1174,2564,1314,0.5758499503135681,2
180,1598,837,1685,891,0.4555826485157013,1
180,558,545,815,689,0.800138533115387,2
180,2081,1156,2322,1304,0.6008835434913635,2
180,2362,1179,2618,1322,0.5405780076980591,2
180,1834,475,1890,517,0.5274386405944824,2
181,534,540,793,685,0.8171453475952148,2
181,2113,1162,2372,1318,0.6778907775878906,2
181,1881,468,1937,507,0.38254258036613464,2
181,1837,472,1890,512,0.3764090836048126,2
181,2413,1178,2683,1325,0.3107329308986664,2
182,507,529,791,674,0.8686455488204956,2
182,2179,1163,2436,1323,0.596727728843689,2
182,1836,463,1895,505,0.3171009123325348,2
183,498,528,782,666,0.8520221710205078,2
183,2221,1165,2484,1319,0.667566180229187,2
184,468,524,750,660,0.8774372339248657,2
184,2285,1163,2546,1327,0.6239851713180542,2
185,457,518,733,658,0.868152379989624,2
185,2327,1171,2612,1327,0.6560278534889221,2
186,426,523,700,659,0.8560568690299988,2
186,2400,1192,2672,1345,0.5157041549682617,2
187,413,524,694,660,0.8571277856826782,2
187,2451,851,2705,969,0.3588623106479645,2
187,2451,1201,2705,1346,0.3414560854434967,2
188,390,526,683,664,0.8246585130691528,2
188,2420,850,2675,970,0.4972969591617584,2
189,355,524,651,671,0.8676629662513733,2
189,2392,844,2649,966,0.5027422308921814,2
190,324,523,643,673,0.8380696773529053,2
190,2365,842,2617,966,0.5455895662307739,2
190,1826,423,1886,467,0.40941736102104187,2
191,302,521,605,679,0.8123392462730408,2
191,1828,422,1887,466,0.44745317101478577,2
191,2334,836,2596,950,0.39785388112068176,2
192,279,516,601,684,0.8243593573570251,2
192,2302,836,2547,954,0.6132440567016602,2
192,1826,421,1885,465,0.4786055386066437,2
193,251,520,558,681,0.7465157508850098,2
193,2277,833,2517,954,0.4980800747871399,2
193,1829,420,1887,465,0.4791569709777832,2
194,228,517,551,684,0.8015636801719666,2
194,2247,828,2490,951,0.5939249396324158,2
194,1829,420,1887,464,0.40753164887428284,2
195,203,528,546,704,0.7578480839729309,2
195,1825,420,1887,463,0.34734150767326355,2
195,2228,821,2459,945,0.3267603814601898,2
196,166,531,508,707,0.816828727722168,2
196,1827,420,1888,462,0.370312362909317,2
196,2195,821,2429,948,0.36324355006217957,2
197,2176,818,2398,946,0.35707205533981323,1
197,144,530,504,712,0.7816990613937378,2
197,1827,421,1886,463,0.38111403584480286,2
198,95,535,458,718,0.8334721326828003,2
198,2142,815,2378,943,0.3912997245788574,2
198,1827,421,1885,462,0.3849201500415802,2
199,86,538,451,720,0.8527111411094666,2
199,1826,420,1885,463,0.42417216300964355,2
199,2127,818,2340,937,0.333945631980896,2
200,51,550,413,725,0.8768503069877625,2
200,1825,421,1885,463,0.4221188724040985,2
201,14,555,370,732,0.7993633151054382,2
201,1828,420,1885,462,0.4090009033679962,2
201,2069,815,2282,931,0.3206619322299957,2
202,0,556,354,734,0.8321664333343506,2
202,1832,421,1888,463,0.47282785177230835,2
202,2042,806,2264,914,0.47104647755622864,2
203,0,558,339,735,0.6943439841270447,2
203,2021,802,2233,911,0.6137216687202454,2
203,1831,422,1887,464,0.4789808988571167,2
204,0,567,287,733,0.6306524872779846,2
204,1989,800,2209,903,0.6076631546020508,2
204,1832,421,1888,463,0.4794026017189026,2
205,0,569,281,731,0.6888974905014038,2
205,1969,793,2178,901,0.6511750817298889,2
205,1828,421,1886,463,0.37460625171661377,2
206,0,569,255,731,0.7063615322113037,2
206,1940,787,2150,896,0.6175991892814636,2
206,1830,421,1887,463,0.3902692198753357,2
206,590,370,711,463,0.30300918221473694,2
207,1923,787,2124,896,0.6564163565635681,2
207,1,571,230,723,0.6196134090423584,2
207,1832,420,1886,462,0.4017171859741211,2
207,588,371,712,462,0.3479984402656555,2
208,1892,784,2097,892,0.6471058130264282,2
208,0,572,191,726,0.5530105233192444,2
208,586,372,713,463,0.33595725893974304,2
208,1833,423,1886,464,0.3187764286994934,2
209,1872,781,2070,889,0.5866608023643494,2
209,2,577,169,724,0.5611371994018555,2
209,585,373,711,464,0.3432052433490753,2
209,1838,422,1891,463,0.34235209226608276,2
209,1875,423,1931,462,0.3030475676059723,2
210,1344,915,1502,1018,0.3751566410064697,1
210,1843,779,2044,885,0.6540063619613647,2
210,0,585,141,748,0.6025713682174683,2
210,1838,423,1890,464,0.3814169466495514,2
210,1873,423,1928,462,0.32924583554267883,2
211,0,585,112,723,0.5909241437911987,2
211,1824,775,2020,887,0.5109211206436157,2
211,1083,914,1247,1009,0.49808722734451294,2
211,1837,424,1890,464,0.4626713991165161,2
211,1872,423,1929,463,0.3229934275150299,2
212,1787,777,1992,883,0.7685999870300293,2
212,1112,920,1273,1012,0.5533377528190613,2
212,2,594,64,699,0.5145568251609802,2
212,1835,424,1890,465,0.48866090178489685,2
212,1413,943,1591,1047,0.45584291219711304,2
212,1872,423,1930,463,0.32319971919059753,2
213,1153,931,1311,1023,0.7443211078643799,2
213,1771,773,1967,877,0.7276737093925476,2
213,1452,954,1626,1052,0.6453997492790222,2
213,1833,423,1889,465,0.49983757734298706,2
213,605,375,696,449,0.35139891505241394,2
214,1489,962,1669,1059,0.7616481184959412,2
214,1741,770,1938,873,0.76027512550354,2
214,1189,936,1342,1027,0.7466697096824646,2
214,1830,423,1886,466,0.45613572001457214,2
215,1215,944,1378,1037,0.7370193004608154,2
215,1725,771,1913,870,0.6954494118690491,2
215,1536,974,1717,1067,0.6322182416915894,2
215,1831,423,1886,465,0.45483776926994324,2
216,2595,881,2707,944,0.3094595968723297,1
216,1255,951,1413,1047,0.7902693152427673,2
216,1700,761,1896,863,0.7414838671684265,2
216,1562,980,1763,1085,0.7094430923461914,2
216,1833,423,1886,465,0.4542106091976166,2
216,1879,422,1931,461,0.321311891078949,2
217,1610,987,1812,1092,0.7671837210655212,2
217,1283,961,1453,1057,0.7542943954467773,2
217,1673,757,1867,865,0.713059663772583,2
217,1835,422,1887,464,0.4418468773365021,2
217,1878,421,1928,460,0.311435341835022,2
218,1650,1003,1852,1102,0.8281899690628052,2
218,1321,970,1487,1064,0.7922378182411194,2
218,1660,754,1851,862,0.787674069404602,2
218,1834,422,1887,464,0.4739564061164856,2
218,1877,421,1928,460,0.3107464909553528,2
219,1694,1018,1897,1113,0.8350839018821716,2
219,1362,980,1527,1080,0.773963451385498,2
219,1621,754,1818,856,0.6285356879234314,2
219,1834,422,1889,465,0.5185360312461853,2
219,1876,419,1928,460,0.3386361300945282,2
220,1736,1022,1947,1121,0.7600011229515076,2
220,1401,988,1568,1089,0.7575732469558716,2
220,1612,750,1799,852,0.751848578453064,2
220,1831,422,1888,465,0.5589674115180969,2
220,1877,419,1930,460,0.35954633355140686,2
220,1766,436,1822,477,0.3058643639087677,2
221,1436,998,1612,1097,0.6958053112030029,2
221,1781,1031,2001,1141,0.6333487629890442,2
221,1591,737,1769,848,0.558195173740387,2
221,1833,422,1887,464,0.45245927572250366,2
221,1879,421,1930,461,0.3409106433391571,2
222,1470,1009,1646,1108,0.7672416567802429,2
222,1828,1039,2058,1153,0.6998791098594666,2
222,1578,744,1745,845,0.5584385991096497,2
222,1830,422,1885,465,0.4894283413887024,2
222,1879,420,1930,460,0.3640020191669464,2
223,1510,1019,1692,1119,0.8280737996101379,2
223,1883,1054,2108,1166,0.6710177063941956,2
223,1832,422,1885,464,0.5166884064674377,2
223,1555,740,1718,844,0.4241761267185211,2
223,1880,422,1930,461,0.36249032616615295,2
224,1555,1024,1739,1125,0.7662942409515381,2
224,1929,1066,2164,1177,0.6441047191619873,2
224,1832,421,1886,464,0.5183847546577454,2
224,1879,423,1929,462,0.3148477375507355,2
225,2593,1022,2719,1088,0.30447378754615784,1
225,2349,846,2489,915,0.3008127212524414,1
225,1604,1041,1789,1144,0.7655247449874878,2
225,1980,1075,2220,1197,0.5512498021125793,2
225,1834,421,1887,464,0.45315074920654297,2
226,1643,1050,1832,1152,0.7094228267669678,2
226,2033,1086,2276,1204,0.6726093292236328,2
226,1836,422,1887,463,0.3586397171020508,2
227,2296,840,2430,909,0.3774722218513489,1
227,2085,1098,2331,1210,0.705376386642456,2
227,1685,1061,1882,1169,0.6989144086837769,2
227,1879,423,1930,462,0.3165486454963684,2
227,1836,422,1886,463,0.3164127469062805,2
227,606,380,698,450,0.3095441162586212,2
228,2262,834,2399,896,0.34229472279548645,1
228,2142,1117,2390,1228,0.6515361070632935,2
228,1733,1070,1935,1178,0.6488946676254272,2
228,2448,982,2660,1080,0.44423627853393555,2
228,1880,422,1930,461,0.38235047459602356,2
228,603,381,695,453,0.31874150037765503,2
229,2242,831,2377,897,0.4737243950366974,1
229,1772,1080,1979,1193,0.7262682914733887,2
229,2204,1124,2454,1250,0.6673896908760071,2
229,2395,974,2605,1065,0.450747013092041,2
229,587,374,706,464,0.3575150668621063,2
229,1878,422,1928,461,0.33963900804519653,2
230,2208,827,2338,893,0.60052090883255,1
230,2255,1132,2524,1263,0.6940870881080627,2
230,1824,1092,2030,1205,0.6727849841117859,2
230,2351,970,2571,1065,0.6362252235412598,2
230,607,380,697,451,0.3661573529243469,2
230,1880,423,1930,462,0.34550562500953674,2
230,546,376,664,469,0.3284097909927368,2
231,2185,827,2325,891,0.31315886974334717,1
231,2307,964,2516,1062,0.6807867884635925,2
231,1874,1108,2084,1220,0.6589148640632629,2
231,2308,1143,2585,1262,0.5269325375556946,2
231,604,379,696,449,0.37032949924468994,2
231,545,376,667,468,0.35048824548721313,2
231,1878,423,1930,462,0.3430221974849701,2
232,2273,953,2471,1048,0.7186141014099121,2
232,1926,1119,2137,1232,0.6319154500961304,2
232,610,377,697,446,0.35833489894866943,2
232,1834,424,1884,464,0.3460361361503601,2
232,1879,422,1931,462,0.3262581527233124,2
233,2227,945,2423,1033,0.6616503596305847,2
233,1975,1127,2196,1249,0.6365789175033569,2
233,1882,422,1934,462,0.3494523763656616,2
233,614,379,696,446,0.30460837483406067,2
234,2590,904,2713,976,0.351595401763916,1
234,2182,936,2380,1026,0.6170284748077393,2
234,2034,1141,2267,1267,0.6032276153564453,2
234,2097,815,2242,882,0.5121614933013916,2
234,1833,424,1881,465,0.32565492391586304,2
234,619,379,697,445,0.319722056388855,2
234,1884,422,1936,461,0.31206369400024414,2
235,1050,1168,1104,1250,0.3476307690143585,0
235,2089,1156,2320,1276,0.6743593811988831,2
235,2136,930,2340,1024,0.6740084886550903,2
235,1830,424,1878,465,0.37089282274246216,2
235,1887,420,1938,460,0.32741212844848633,2
236,1048,1168,1102,1251,0.3204135298728943,0
236,2092,923,2289,1007,0.3328346610069275,1
236,2139,1167,2380,1289,0.6258451342582703,2
236,2105,928,2295,1008,0.48452502489089966,2
236,2045,809,2190,873,0.47242701053619385,2
236,1827,424,1877,465,0.45683419704437256,2
236,1887,419,1937,459,0.3211902678012848,2
236,2023,274,2116,326,0.3062090277671814,2
237,1047,1168,1103,1253,0.30492928624153137,0
237,2035,805,2159,868,0.348798543214798,1
237,2209,1179,2445,1308,0.5671532154083252,2
237,2066,923,2245,1007,0.5201988220214844,2
237,1828,424,1878,464,0.41208890080451965,2
237,2025,274,2117,325,0.30420613288879395,2
238,2270,1193,2513,1315,0.5598639249801636,2
238,2033,911,2197,999,0.5490389466285706,2
238,1828,424,1878,464,0.4298388361930847,2
238,2023,275,2117,325,0.3723447620868683,2
238,1998,802,2140,866,0.36262792348861694,2
239,1984,796,2106,861,0.4340689182281494,1
239,1988,901,2167,992,0.5815459489822388,2
239,2329,1207,2567,1330,0.4969005882740021,2
239,1828,424,1877,464,0.41842836141586304,2
239,2022,275,2117,326,0.3626498579978943,2
239,1888,419,1939,457,0.30492642521858215,2
240,1940,894,2127,984,0.44094589352607727,2
240,1828,424,1877,464,0.41817164421081543,2
240,2393,1222,2648,1341,0.4157404601573944,2
240,2022,274,2116,325,0.36393362283706665,2
240,1887,418,1938,456,0.3214924931526184,2
241,1939,791,2048,855,0.36308249831199646,1
241,1829,423,1878,464,0.4331664741039276,2
241,2455,1235,2714,1361,0.38869747519493103,2
241,2021,274,2116,325,0.3451482355594635,2
242,1886,878,2041,957,0.5013943314552307,1
242,1829,423,1878,464,0.462389200925827,2
242,2021,275,2115,326,0.3393656313419342,2
242,2540,1255,2711,1357,0.3042365312576294,2
243,1837,877,2010,953,0.6041362285614014,1
243,1885,779,2004,843,0.4913758933544159,1
243,1830,423,1880,464,0.42335882782936096,2
243,2021,275,2116,326,0.348622590303421,2
244,1855,775,1987,846,0.6499585509300232,1
244,1814,874,1970,951,0.4907340407371521,1
244,1827,423,1877,462,0.3724507689476013,2
244,2302,868,2466,943,0.3241061568260193,2
245,1046,1167,1106,1262,0.3366831839084625,0
245,1828,769,1961,842,0.6273808479309082,1
246,1047,1164,1107,1258,0.3107611835002899,0
246,1799,770,1937,839,0.7046962976455688,1
246,1826,418,1882,459,0.3600366711616516,2
247,1780,766,1917,832,0.5184251070022583,2
247,1824,415,1882,459,0.46850624680519104,2
248,1757,761,1885,831,0.6952245831489563,1
248,2202,849,2345,921,0.3597850501537323,1
248,1680,845,1818,930,0.3093821108341217,1
248,1823,415,1882,460,0.5430411100387573,2
249,1744,754,1872,827,0.7125751376152039,1
249,2184,844,2322,921,0.33669936656951904,1
249,1822,414,1883,460,0.5109984874725342,2
250,1729,751,1841,821,0.5949607491493225,1
250,2157,842,2288,916,0.4485653340816498,1
250,1823,415,1884,460,0.48458144068717957,2
251,1702,751,1825,818,0.6108468770980835,1
251,2115,834,2262,916,0.4312001168727875,1
251,1825,415,1884,460,0.49528050422668457,2
251,1576,827,1723,904,0.4411972165107727,2
251,1772,422,1839,468,0.31926047801971436,2
252,1684,745,1799,813,0.5832768082618713,1
252,2103,838,2229,910,0.4867378771305084,1
252,1535,826,1698,902,0.5340249538421631,2
252,1826,415,1885,459,0.46373578906059265,2
253,2062,832,2210,914,0.34471219778060913,1
253,1513,819,1663,899,0.6775961518287659,2
253,1827,415,1887,460,0.5043972134590149,2
254,2046,828,2179,898,0.49804484844207764,1
254,1640,741,1754,808,0.49266427755355835,1
254,1485,819,1633,895,0.6346955299377441,2
254,1826,416,1884,460,0.5142470598220825,2
255,2014,830,2149,895,0.45470425486564636,1
255,1638,743,1736,805,0.37298208475112915,1
255,1461,819,1601,892,0.5116041302680969,2
255,1826,417,1883,460,0.4524560272693634,2
255,1509,419,1566,463,0.3002997040748596,2
256,1993,825,2127,897,0.5479467511177063,1
256,1430,820,1567,888,0.4787575900554657,2
256,1827,423,1879,464,0.42053931951522827,2
257,1961,822,2105,902,0.4466572403907776,1
257,1825,424,1875,466,0.49995043873786926,2
258,1950,828,2085,896,0.536751925945282,1
258,1830,421,1886,465,0.5493418574333191,2
259,1925,824,2062,895,0.44602009654045105,1
259,1827,423,1880,464,0.4170359969139099,2
260,1897,823,2040,896,0.6035646796226501,1
261,1869,819,2012,891,0.5825831294059753,1
262,1847,816,1991,889,0.6051783561706543,1
262,1827,424,1880,464,0.3200848698616028,2
262,539,380,661,471,0.3137335777282715,2
263,1824,813,1959,888,0.5174837112426758,1
263,541,379,655,473,0.3396179974079132,2
263,1828,424,1884,465,0.317935973405838,2
264,1792,813,1942,882,0.3614831566810608,1
264,1833,422,1888,464,0.4155566990375519,2
265,1781,804,1908,879,0.5641343593597412,1
265,1831,422,1887,465,0.42622655630111694,2
265,84,545,166,603,0.37692850828170776,2
